%%MatrixMarket matrix coordinate real general
%
100 100 3836
1 1 667.3658440210206
1 5 1.484266617808132
1 6 0.9989859405782686
1 9 9.972461242248407
1 10 67.54451872428352
1 11 0.4989014576149033
1 13 30.98726786237263
1 15 78.19598053775682
1 16 2.499221355238483
1 17 0.4963843076477863
1 18 2.492965389634644
1 19 81.94878960497729
1 23 0.4991630069695254
1 29 7.494774946718189
1 31 5.468452729716961
1 33 32.9441314513739
1 34 0.5002420666140759
1 35 166.7319550893068
1 36 163.5355421858806
1 37 7.010036101334498
1 38 18.5399453765682
1 39 18.47113398347097
1 41 1.492704912359657
1 42 1.985630107687689
1 44 0.50911746149703
1 45 2.496423398328674
1 47 76.30114826387421
1 49 188.8544958563841
1 51 40.96391438195731
1 52 18.49061168287131
1 54 158.7498979081249
1 56 1.496846311809504
1 57 176.8538190655566
1 58 65.93835559710814
1 59 7.986632974547874
1 60 1.989749679860736
1 61 0.498770050834098
1 62 280.9454350868094
1 63 1.49745492949378
1 65 94.34815676776545
1 66 30.42173123097642
1 67 59.98539702115345
1 68 1.996408576842196
1 74 11.60137390447836
1 75 0.4985248964175484
1 76 38.9684920391217
1 78 8.981135898840364
1 79 110.4002019842662
1 80 1.484685892202997
1 82 6.995015154948178
1 83 14.01225511228369
1 84 69.38931097222019
1 85 314.4279786242956
1 86 8.490415575947292
1 87 1.492495770155923
1 88 360.9759676052286
1 89 0.9992363902981234
1 91 60.92359872536105
1 92 85.03412769311983
1 93 16.46417253369865
1 94 8.983390133485328
1 96 0.9976333502731146
1 97 36.49362968460763
1 98 1.508368170431971
1 100 179.7994676925507
2 2 28.81116550662298
2 7 0.5614938538234976
2 8 2.055555338170678
2 11 2.533187539254846
2 14 4.137085569170203
2 17 0.5040400154858521
2 22 0.5126451293140789
2 25 1.014101997512054
2 32 12.85339981997956
2 40 1.013409173182631
2 43 17.00346213302668
2 44 2.068707884143379
2 53 4.643022435642717
2 55 11.8328021696547
2 56 0.5066837864854633
2 61 0.5065000541658851
2 63 1.01378904960778
2 70 0.5079245202928936
2 72 13.920855107241
2 73 1.013073861813198
3 5 0.4939548490291243
3 11 0.4980868899416129
3 13 0.4989772923414085
3 17 4.460226948465468
3 19 0.4988704587721113
3 34 0.998844696828779
3 40 0.4981520815670485
3 41 2.483783494710439
3 42 0.4955992628872225
3 47 0.9957721226427781
3 56 0.4981335014312299
3 60 0.9932548953797087
3 61 3.485691045854056
3 63 0.4983359276196393
3 68 0.4982869085610225
3 70 0.998664204584697
3 73 0.9959807791447284
3 78 0.9962739635390753
3 80 2.964564782128563
3 82 2.99296593816138
3 87 0.49668703092306
3 99 0.4994095819028946
4 4 6.081132013538987
4 10 0.5043143648814944
4 12 0.5089123468823055
4 16 1.007640496630607
4 24 0.5135232190215639
4 30 7.609959207905407
4 35 1.006326631759084
4 37 0.5047077689349275
4 38 0.5050769554419886
4 46 2.537953611294332
4 50 0.5063865165745961
4 52 0.5037208839813486
4 57 0.5035592264317829
4 58 0.5035042314793191
4 67 1.511566211066206
4 69 0.526067440975495
4 71 1.521806158599703
4 76 1.007136409468179
4 90 3.04276594086619
4 95 0.5092413992333382
4 97 0.503890405095342
5 1 1.484266617808132
5 3 0.4939548490291243
5 5 0.9815968947230028
5 9 0.4946033560387881
5 10 0.9925643464096598
5 11 3.464139339406366
5 16 0.4958046078594939
5 17 1.477205535373538
5 19 2.478252517639786
5 25 0.9905444625861279
5 31 0.9862696649329643
5 34 3.969562202219591
5 35 0.9903358719189485
5 38 0.4970219224904424
5 40 0.9898834389197271
5 41 1.480693880973001
5 47 1.978713428942191
5 49 1.486735649852358
5 51 0.9910490871457861
5 54 0.4951842729053724
5 56 1.484768811766133
5 58 3.468486113542347
5 59 0.4951361850042174
5 60 0.4934360287624759
5 63 6.436593986834231
5 65 0.4951676277485352
5 66 0.4946951723221515
5 73 0.494782132592731
5 75 0.4945071573721704
5 76 0.4955607205151533
5 77 0.989766991726051
5 79 0.4955140731589636
5 82 2.973644685664197
5 84 0.495174602833563
5 86 0.4954036528456108
5 87 1.973985525144914
5 88 1.980976344234524
5 91 0.4953420898966166
5 92 1.488464440993481
5 93 0.9897781978549423
5 96 0.9895866788482102
5 97 0.4958728471914864
5 98 0.9974049945506296
6 1 0.9989859405782686
6 6 13.00544390862511
6 10 9.018875144671584
6 11 8.993104371428835
6 13 4.504605817856941
6 15 5.985308196393758
6 16 1.001122951820051
6 17 0.9941881502347197
6 18 0.9986132286326215
6 26 3.49848721230186
6 34 2.50480105891816
6 35 2.499568418574816
6 36 2.99578713060861
6 37 2.507185131994258
6 38 13.54861674442369
6 39 4.499416773190038
6 40 1.998728674857428
6 41 0.4982786019731485
6 42 0.9942281059281817
6 47 0.4994143501072209
6 48 1.992350926033503
6 51 6.003320075359668
6 52 19.01760206769771
6 54 2.999575642526842
6 56 5.995965840845699
6 57 9.505771009354184
6 58 3.501748349704513
6 61 1.498454772481765
6 62 7.495948266024251
6 63 3.499069906366536
6 66 1.498293743946175
6 67 9.511322067623849
6 68 2.499091469323688
6 70 1.502608729385456
6 73 1.498558301369743
6 75 0.4992392934875726
6 76 5.503442346161681
6 77 2.49811873106883
6 78 5.496335415544496
6 80 0.4955970831076984
6 83 6.515040595699132
6 84 2.999516402830434
6 85 0.9996144405455267
6 86 0.5001530344462009
6 87 0.4982084793671447
6 88 2.99994771521594
6 89 3.002010977176588
6 91 0.5000902866958364
6 92 0.5009202677783509
6 96 0.499531560571695
6 97 9.51198033637723
6 99 0.5009477692474583
6 100 1.000318475948706
7 2 0.5614938538234976
7 7 1.235915238965304
7 14 1.129303388823157
7 24 0.5650412156156529
7 35 0.5525230044628535
7 43 0.5624123586858035
7 44 1.129400560061069
7 53 0.5631688498864685
7 67 0.5533579036650697
7 72 0.5628058008199099
8 2 2.055555338170678
8 8 2.053171935064679
8 30 1.531749613746927
8 32 2.567703596226099
8 55 1.027745430354184
8 72 1.029974357597459
9 1 9.972461242248407
9 5 0.4946033560387881
9 9 4.984674723090459
9 10 0.5001741272260016
9 11 1.49623879404841
9 17 7.44349383958742
9 18 0.4984372465211683
9 19 4.99531719857769
9 27 0.4979755593148182
9 31 3.478843180842544
9 33 1.995991019634703
9 34 4.500764800123349
9 35 0.9980830665262259
9 36 0.4984279247693109
9 41 6.963793496547498
9 42 0.4962520964157687
9 47 10.96798866244237
9 48 0.4972219055075912
9 49 2.497294589804696
9 54 1.497172714530913
9 57 0.4994313213566043
9 58 0.9987539528529589
9 59 1.996036827014529
9 60 10.44294591230762
9 61 2.991690657142383
9 62 1.995436992922629
9 63 0.9979916617827734
9 65 0.998081281834693
9 66 0.9971225793811443
9 67 0.4997225798225455
9 70 0.9999891213093743
9 73 1.994601167923756
9 75 0.498369968032474
9 76 0.9988796269973844
9 78 0.4987963453377726
9 79 3.495748083590062
9 80 3.957944154930529
9 82 8.491300806586546
9 85 9.978723881387682
9 86 0.4992805289215059
9 87 4.47609857272159
9 88 2.495597361283973
9 91 1.497653565171675
9 92 1.500132729122057
9 93 4.48882907029354
9 94 0.4989216339383572
9 96 0.4986612188132927
9 97 0.4997570930767049
9 98 1.507893644829109
9 99 1.500214835525214
9 100 3.495010244542161
10 1 67.54451872428352
10 4 0.5043143648814944
10 5 0.9925643464096598
10 6 9.018875144671584
10 9 0.5001741272260016
10 10 473.7847065680244
10 13 2.506759452791967
10 15 52.45907493766506
10 16 11.532244604922
10 18 0.5001434883888342
10 19 56.1394004101782
10 29 27.5664601513873
10 31 1.496017799598589
10 33 3.504948178530227
10 34 1.003603972580578
10 35 139.2088437899888
10 36 26.00694772112506
10 37 40.68470423292647
10 38 98.01581188707324
10 39 2.503867919076642
10 46 0.505135911762008
10 47 9.004517760488588
10 49 36.5855229051732
10 50 0.5039445384123338
10 51 225.5021482213129
10 52 83.7176642052257
10 53 0.5094801913765835
10 54 13.01995040266187
10 57 41.59488272748469
10 58 255.5553636412145
10 59 4.00574459329036
10 62 54.06129987726256
10 63 1.001410574595971
10 64 0.5003634423920432
10 65 6.009006335166592
10 66 67.53614684753761
10 67 357.5241102306284
10 68 0.500656578602988
10 69 2.617180611346205
10 70 0.5017123354541297
10 73 0.5003569492425873
10 74 0.505996702010628
10 76 271.6245102497749
10 78 0.5005050493011892
10 79 21.54748958852943
10 82 1.503603567863913
10 83 11.54598195435024
10 84 6.509847849883015
10 85 42.05419588524003
10 86 14.52875129151122
10 87 0.4990414839845986
10 88 86.64351697780536
10 89 4.510574248378002
10 90 0.5046770554150154
10 91 30.55665247249882
10 92 233.3188192395881
10 93 4.003729554957697
10 94 1.501891284390887
10 97 119.8515963679047
10 100 19.03793402602323
11 1 0.4989014576149033
11 2 2.533187539254846
11 3 0.4980868899416129
11 5 3.464139339406366
11 6 8.993104371428835
11 9 1.49623879404841
11 11 277.4581976274372
11 13 0.9998371276101433
11 14 0.5092060280120021
11 15 1.494559738617347
11 17 37.73469640760152
11 18 15.46019880023823
11 19 0.9996232837099776
11 25 6.991973690316101
11 26 21.96448106734947
11 31 11.934099227173
11 32 0.5062973735411022
11 34 61.04460311244942
11 35 0.9986420796054825
11 36 0.99741434407479
11 39 1.997374768660341
11 40 66.87819158180987
11 41 18.4145796176987
11 42 4.468769178327108
11 43 1.014769394506541
11 44 0.5092463203252707
11 47 1.496471021919628
11 48 30.84504557374827
11 52 2.499350574249017
11 56 32.93876739109383
11 57 2.498554908183543
11 59 1.497865092966329
11 60 10.94633296247059
11 61 35.42148277549339
11 62 0.9982766576141917
11 63 207.1992392659902
11 64 11.47550815835434
11 66 0.4988396568367078
11 67 1.500007017993844
11 68 3.993811175891449
11 70 49.52721005071552
11 73 76.83497674301657
11 75 3.490540576041206
11 77 58.88575314183267
11 78 3.992603215562383
11 79 0.4996723357740144
11 80 5.445198559115462
11 82 9.495597553552022
11 83 1.001124208444895
11 86 0.9991197258224916
11 87 21.39772612351681
11 88 0.4993988114790927
11 93 1.996152454370242
11 96 8.481984627270217
11 97 1.000073830493054
11 98 1.508744243941945
11 99 19.01338032238167
12 4 0.5089123468823055
12 44 1.030900865174387
12 67 0.5059830717214967
12 90 0.5092816646300161
12 95 0.5114149474717088
13 1 30.98726786237263
13 3 0.4989772923414085
13 6 4.504605817856941
13 10 2.506759452791967
13 11 0.9998371276101433
13 13 31.05052705175336
13 15 14.97230214506965
13 16 1.001728832013172
13 17 1.492178717369897
13 18 5.995297449034186
13 19 2.503536869025023
13 26 1.500259263842292
13 29 0.5006721239505135
13 31 0.4981403612518209
13 33 0.5001714230408292
13 34 0.501265069857854
13 35 11.00473059634118
13 36 18.48516799510737
13 38 5.523150122767928
13 39 21.00997382571762
13 40 0.9999686281802787
13 41 0.4985790381395492
13 42 6.963786413159938
13 45 0.5003038077860333
13 47 1.499148182419948
13 48 1.495164085126994
13 49 7.008882081752347
13 51 7.008107337618683
13 52 7.010725952088078
13 54 14.00647416790039
13 56 1.499896493321136
13 57 66.08003609118438
13 58 2.502760541777482
13 60 0.4984478867408669
13 61 7.496797423897579
13 62 22.00140163154968
13 63 1.500507594469084
13 65 4.50192889943614
13 66 0.4997327530790234
13 67 4.0071908753313
13 68 4.501080127515531
13 70 2.004691573125068
13 73 1.499463113318575
13 75 1.998162055190286
13 76 3.504306718656661
13 78 17.9988798148556
13 79 4.004541243250309
13 80 0.4958942962228411
13 82 0.5006653057799948
13 83 6.518986561549443
13 84 19.0084123335035
13 85 7.001529062087672
13 88 27.5161370513845
13 89 1.001275375218793
13 91 1.501177054327508
13 92 3.007336214070587
13 93 0.499931042507648
13 94 0.5000951497048366
13 97 4.508401745249444
13 99 2.005001870460238
13 100 5.505076402229048
14 2 4.137085569170203
14 7 1.129303388823157
14 11 0.5092060280120021
14 14 2.079246702272246
14 24 1.040282775003711
14 43 4.143319835167996
14 44 3.638988257992572
14 53 3.62989562163798
14 55 2.585599491955849
14 72 4.664243205568933
14 81 0.5127890307218299
15 1 78.19598053775682
15 6 5.985308196393758
15 10 52.45907493766506
15 11 1.494559738617347
15 13 14.97230214506965
15 15 27.85163224516365
15 16 3.993007776721947
15 18 2.489394297508745
15 19 9.979397049078955
15 29 1.995733385313047
15 31 0.4964190658957837
15 33 3.987494970719276
15 35 34.39520965129203
15 36 34.3529979584353
15 37 3.999968906222184
15 38 24.51754510591906
15 39 10.46856868770431
15 42 2.974188842465684
15 45 0.4985675676533542
15 47 4.979852803396324
15 49 24.94487888464564
15 51 30.42940049582928
15 52 28.44461766861743
15 54 25.4233521078494
15 56 1.494699635697505
15 57 61.85984491955195
15 58 21.9479045884542
15 61 0.498054379660984
15 62 53.31800318791288
15 63 0.4984345466178922
15 65 14.95441807868213
15 66 8.964031703111907
15 67 48.91769831215952
15 68 2.990318917218863
15 73 0.4980885874505276
15 74 1.007351717939261
15 75 0.4978099275472744
15 76 27.43831853094446
15 78 4.982364736028624
15 79 11.4731172311405
15 81 0.5016144903912605
15 82 0.4989265645599107
15 83 9.494645260019377
15 84 19.93950420368867
15 85 27.41067652004315
15 86 3.491035430899565
15 88 67.30544158493322
15 89 4.490107638837735
15 91 4.986570679311173
15 92 28.96993713031015
15 93 0.996396972983036
15 94 0.4983603542539153
15 97 29.45248194622357
15 99 0.4995086276238723
15 100 20.94649948725385
16 1 2.499221355238483
16 4 1.007640496630607
16 5 0.4958046078594939
16 6 1.001122951820051
16 10 11.532244604922
16 13 1.001728832013172
16 15 3.993007776721947
16 16 1.001827745642998
16 19 0.5007572645832374
16 29 1.502162701564343
16 35 4.002117927872359
16 36 1.498945510684911
16 37 1.505372503978548
16 38 5.021552613679637
16 51 7.008802141062582
16 52 7.011421275341814
16 57 1.00131185207924
16 58 5.006017626587575
16 62 1.500243808764074
16 66 0.9995640617785823
16 67 13.02466239990852
16 69 0.5228998756453679
16 76 11.014630128163
16 83 1.003020790617627
16 84 0.5002708337171768
16 85 2.000633607678156
16 88 0.5003427652149065
16 89 1.001374474310838
16 91 1.00088365254768
16 92 4.511445249565732
16 97 6.011800921262303
17 1 0.4963843076477863
17 2 0.5040400154858521
17 3 4.460226948465468
17 5 1.477205535373538
17 6 0.9941881502347197
17 9 7.44349383958742
17 11 37.73469640760152
17 13 1.492178717369897
17 17 51.37785951991205
17 18 11.41267389511174
17 19 1.491861135145829
17 25 1.49071883082761
17 26 0.9933488019500849
17 27 3.965951993829835
17 31 6.926582060264467
17 33 0.9935152454480402
17 34 16.42857263526097
17 36 0.4961913091143315
17 40 5.958883066808877
17 41 47.04288940302678
17 42 4.940375793524816
17 47 8.437259233075338
17 48 11.87998409040825
17 52 0.4973433131067463
17 54 0.4968154523992775
17 56 3.475891172748003
17 57 0.4971857202539048
17 58 0.4971321067432623
17 59 1.987074136886559
17 60 34.65412959383934
17 61 60.55824588086198
17 62 0.4966184662937107
17 63 31.29565586912036
17 64 2.482101838384223
17 68 0.4967055834512382
17 70 4.977463924738908
17 73 18.86370261654427
17 75 3.472956195010128
17 77 4.965152485997945
17 78 4.965584152450359
17 79 0.4971474282520836
17 80 20.6867441622182
17 82 31.82363902104477
17 84 0.9936149924529911
17 85 4.470278211294932
17 86 0.497036279288498
17 87 29.21203814530563
17 88 1.490635573372602
17 92 0.497793981465445
17 93 6.951299576074445
17 94 0.9933649954417381
17 96 1.489273036505527
17 98 6.004303042191857
17 99 13.93903700422429
17 100 0.9940889981097327
18 1 2.492965389634644
18 6 0.9986132286326215
18 9 0.4984372465211683
18 10 0.5001434883888342
18 11 15.46019880023823
18 13 5.995297449034186
18 15 2.489394297508745
18 17 11.41267389511174
18 18 6.977706176178692
18 26 2.494416594116533
18 31 0.4969457353823964
18 34 4.500493617273968
18 35 0.9980225091011025
18 36 1.993591221455812
18 38 1.001784527203201
18 39 5.489370996661378
18 40 2.493907882856787
18 41 3.979069460200241
18 42 4.962229943638864
18 45 0.4990988033977607
18 47 0.4985139761530093
18 48 5.469130548052759
18 49 0.4994287779327269
18 51 0.4993734690372462
18 52 0.9991193859416722
18 56 1.995053495061046
18 57 5.493408857954516
18 60 3.978024140303164
18 61 16.45330589366782
18 62 0.4988284617149042
18 63 4.490693819072477
18 68 5.488083606830588
18 70 3.999715007758841
18 73 6.48204883543145
18 75 2.491699130478541
18 77 1.994892590743573
18 78 11.97039534228528
18 80 4.4524219617953
18 82 1.498373977622748
18 83 3.001505811657909
18 84 1.996069044411233
18 85 0.4989056003586291
18 87 5.967765444161253
18 93 0.4987278296951688
18 97 0.9994524828686919
18 98 0.5026003898208855
18 99 3.000247585459496
19 1 81.94878960497729
19 3 0.4988704587721113
19 5 2.478252517639786
19 9 4.99531719857769
19 10 56.1394004101782
19 11 0.9996232837099776
19 13 2.503536869025023
19 15 9.979397049078955
19 16 0.5007572645832374
19 17 1.491861135145829
19 19 30.03601134439844
19 27 0.4990377206172413
19 29 5.506203963594306
19 31 2.988207286269943
19 33 6.500830017959135
19 34 2.505777910375818
19 35 37.50811161551222
19 36 12.98680350698415
19 37 1.504900029877812
19 38 9.0359551506396
19 39 1.000260956117372
19 40 0.9997547280485838
19 41 0.4984723746722456
19 47 23.48162853338266
19 49 41.04323454552942
19 51 21.01981290353918
19 52 4.505929237792398
19 54 13.50334952940402
19 57 13.51348350133301
19 58 35.53159765135088
19 59 3.500525680235943
19 60 1.993368532332658
19 61 1.998721287547542
19 62 32.99503777928172
19 63 1.500186457915561
19 64 0.9994419369925452
19 65 10.00214396722206
19 66 11.99101784461684
19 67 31.04907546200205
19 69 0.5227292233344498
19 73 0.4997142934636565
19 74 0.5053394991393775
19 76 29.5299740191848
19 79 19.01749132047373
19 82 4.004454868440877
19 83 1.504058852753922
19 84 3.500800586305143
19 85 55.50025242546587
19 86 4.002781690654871
19 87 2.492017691374957
19 88 51.01898491529951
19 91 9.505416790595604
19 92 36.08028757607905
19 93 11.99577464671269
19 94 3.499912843678831
19 96 0.9994520209491471
19 97 11.51900236044845
19 100 26.51878790439638
20 32 0.5144275361656608
20 43 1.031101347750864
20 55 0.5147616301665353
21 36 0.4995622612750182
21 49 1.001193402082901
21 57 1.501704854182522
21 58 0.5005158867387055
21 62 0.9999881254428021
21 65 0.5001779285394884
21 88 1.000511152164452
21 91 0.5003559370193313
21 92 0.5011868008428522
21 95 0.5061847778479744
21 100 0.5004254375849639
22 2 0.5126451293140789
22 32 0.5122988528383077
22 55 0.512630184177312
22 82 0.5056157289922593
23 1 0.4991630069695254
23 79 0.4999346941058385
24 4 0.5135232190215639
24 7 0.5650412156156529
24 14 1.040282775003711
24 30 0.5141079661895286
24 43 0.5182382403740033
24 44 2.600920665135559
24 46 1.028753250162892
24 53 0.5188804934949257
24 90 1.027802489892002
25 2 1.014101997512054
25 5 0.9905444625861279
25 11 6.991973690316101
25 17 1.49071883082761
25 26 0.499593264074527
25 32 0.506709638274239
25 34 1.50230780268878
25 40 1.997968388138445
25 43 0.5077972511958115
25 48 0.4978972076165378
25 53 0.5084138584312666
25 55 0.5070337730566551
25 58 0.5000583937169693
25 59 0.4996890277407871
25 61 0.998590504753391
25 63 4.996770554998851
25 70 1.001357487815338
25 73 3.495304915197638
25 80 0.9908243750214548
25 82 0.5001705921901899
25 87 2.490103006454945
25 99 0.5007555590119865
26 6 3.49848721230186
26 11 21.96448106734947
26 13 1.500259263842292
26 17 0.9933488019500849
26 18 2.494416594116533
26 25 0.499593264074527
26 26 2.996160633877296
26 34 4.504801168024789
26 38 0.5013743315924795
26 39 0.4995107862941155
26 40 6.490359200048371
26 41 1.493572379100745
26 42 0.9933886899769873
26 48 1.492999902764663
26 51 0.4998513730950072
26 52 4.000301951762064
26 56 5.491635142794028
26 57 0.4998787298328551
26 60 0.4977256425647464
26 61 2.495306747354546
26 63 18.47937750646241
26 64 0.9982047491375898
26 68 0.4993933841248517
26 70 4.503988130903256
26 73 4.491860539871072
26 77 4.991990834331909
26 78 0.4992426177044537
26 82 1.49980850508593
26 84 0.4994946062115285
26 87 0.9955753362343641
26 97 0.5002050849648179
26 99 1.501561308085567
27 9 0.4979755593148182
27 17 3.965951993829835
27 19 0.4990377206172413
27 33 0.4985043865443892
27 41 1.490768756253751
27 42 0.4957643402608981
27 47 0.4980521466645455
27 48 0.4967322430336115
27 56 1.49489940450567
27 60 0.9935845136223546
27 61 3.486857451589164
27 73 1.494468906583698
27 79 0.4988987389566014
27 80 0.4942555820184706
27 82 2.494969558988609
27 85 0.4984430455743339
27 87 0.496852833312483
27 93 0.4982656042981119
28 61 0.4987797516247248
28 73 0.4988140589894163
29 1 7.494774946718189
29 10 27.5664601513873
29 13 0.5006721239505135
29 15 1.995733385313047
29 16 1.502162701564343
29 19 5.506203963594306
29 29 1.001056758695763
29 31 0.4979980649146925
29 33 0.5000279653878384
29 35 12.00172837972286
29 36 1.99782343952321
29 37 3.009582750542428
29 38 4.517646008589563
29 41 0.9968743230572334
29 47 1.498719532522133
29 49 6.506382854428239
29 51 6.505664138267264
29 52 3.00373629793333
29 54 2.000351640654219
29 57 3.503240557868853
29 58 23.01879977627399
29 59 1.000077463776996
29 60 0.4983054148733028
29 62 3.999109147242655
29 64 0.4996847070186245
29 65 1.000142230404757
29 66 6.994256791964308
29 67 26.0392784314705
29 76 20.51933523406211
29 79 2.502119900520745
29 83 1.503950002308973
29 84 1.500234866799702
29 85 4.499693711842969
29 86 2.501557005561858
29 88 5.501651683755751
29 91 2.000995980208099
29 92 18.53990809793564
29 93 0.9995752520099576
29 94 0.9999032267748466
29 97 8.513425349306651
29 100 4.502863856170189
30 4 7.609959207905407
30 8 1.531749613746927
30 24 0.5141079661895286
30 30 1.015800235773942
30 32 0.5108254103550686
30 46 1.524485468311495
30 50 1.013910435912526
30 67 0.5044182659993484
30 71 2.031357683742301
30 90 1.523093192691316
30 92 0.5047468613412575
31 1 5.468452729716961
31 5 0.9862696649329643
31 9 3.478843180842544
31 10 1.496017799598589
31 11 11.934099227173
31 13 0.4981403612518209
31 15 0.4964190658957837
31 17 6.926582060264467
31 18 0.4969457353823964
31 19 2.988207286269943
31 29 0.4979980649146925
31 31 4.954953878771291
31 33 0.9950067473228743
31 34 5.983017313370605
31 35 1.492643124853721
31 36 0.9938753829949255
31 40 1.491957776202388
31 41 7.934875119079324
31 42 0.4947736029227361
31 47 6.958757870116723
31 48 2.478702133985546
31 49 4.979619336500815
31 51 0.4979067239705649
31 56 0.4972993938734778
31 58 0.4978800937469505
31 59 1.492545806719112
31 60 5.949589537225192
31 61 5.965482141890202
31 62 0.4973649087370287
31 63 3.482516409336616
31 64 1.491494195919539
31 65 1.492640553250835
31 66 1.491211136702355
31 67 1.494672535264598
31 70 0.4984945727047851
31 73 1.988634639039255
31 76 1.493830609556404
31 77 0.4972591844246938
31 79 3.485276160902409
31 80 3.452930906720917
31 82 13.94377571378615
31 85 6.964201778096776
31 86 0.4977839779285361
31 87 3.966879990952845
31 88 2.488125449599556
31 91 1.990892881043438
31 92 2.492720827689136
31 93 6.464460535735378
31 94 0.4974272287267907
31 96 2.983015739909858
31 98 0.501114674599359
31 99 2.492851697620638
31 100 1.99116755916104
32 2 12.85339981997956
32 8 2.567703596226099
32 11 0.5062973735411022
32 20 0.5144275361656608
32 22 0.5122988528383077
32 25 0.506709638274239
32 30 0.5108254103550686
32 32 14.38604563249864
32 43 3.089437064090526
32 53 0.5155368540964382
32 55 6.169446577294057
32 63 0.5065546857876131
32 71 0.5107625334364958
32 72 3.091419340627941
33 1 32.9441314513739
33 9 1.995991019634703
33 10 3.504948178530227
33 13 0.5001714230408292
33 15 3.987494970719276
33 17 0.9935152454480402
33 19 6.500830017959135
33 27 0.4985043865443892
33 29 0.5000279653878384
33 31 0.9950067473228743
33 33 1.998114155812637
33 35 5.495302739846443
33 36 9.480214709694671
33 40 0.4993422638738685
33 41 0.4979402459749606
33 47 8.484281455843908
33 49 15.99971365484915
33 51 2.99961432693688
33 54 9.991778774820917
33 57 8.999333279052347
33 58 5.498999263989957
33 59 2.497700791272544
33 60 0.4978094300172902
33 62 12.98414346791644
33 65 1.998285567386164
33 66 0.9981829304852227
33 67 3.501783520800264
33 73 0.4991795139687746
33 76 1.499915488869134
33 78 0.499326917492612
33 79 10.99833367051736
33 80 1.485792490218468
33 82 2.000085563787039
33 83 1.001630097540535
33 84 1.498737037721809
33 85 25.47282822137812
33 87 0.4978702184614818
33 88 23.48359408634506
33 91 5.497245485675802
33 92 3.50404367573363
33 93 2.496445051012176
33 94 0.9989051472359287
33 98 0.5031700914962275
33 100 9.996375035020298
34 1 0.5002420666140759
34 3 0.998844696828779
34 5 3.969562202219591
34 6 2.50480105891816
34 9 4.500764800123349
34 10 1.003603972580578
34 11 61.04460311244942
34 13 0.501265069857854
34 17 16.42857263526097
34 18 4.500493617273968
34 19 2.505777910375818
34 25 1.50230780268878
34 26 4.504801168024789
34 31 5.983017313370605
34 34 22.0753572975941
34 35 0.5006636195338622
34 37 0.5021931218172615
34 40 14.0120716024623
34 41 6.986337895665766
34 47 3.000978073183969
34 48 10.47548480323999
34 49 0.5010841721988505
34 56 6.505364536246508
34 59 2.503147456520256
34 60 8.481180923835064
34 61 12.00560316843428
34 63 42.55241391729332
34 64 4.002203328973438
34 68 0.5005683502578206
34 70 6.019460714061432
34 73 18.50991171357352
34 75 1.499960284715261
34 76 0.5010647808210462
34 77 9.5070655927918
34 78 2.00166820580213
34 79 0.5010170921945608
34 80 3.474355422581914
34 82 9.521132030388811
34 85 0.5005575260518471
34 86 0.5009042081959387
34 87 7.983259001820151
34 88 0.5007420955933135
34 91 1.001680666515971
34 93 4.003026062784112
34 94 1.001084344628808
34 96 5.00280422302504
34 97 0.5013838752164139
34 99 6.522091593157337
35 1 166.7319550893068
35 4 1.006326631759084
35 5 0.9903358719189485
35 6 2.499568418574816
35 7 0.5525230044628535
35 9 0.9980830665262259
35 10 139.2088437899888
35 11 0.9986420796054825
35 13 11.00473059634118
35 15 34.39520965129203
35 16 4.002117927872359
35 18 0.9980225091011025
35 19 37.50811161551222
35 29 12.00172837972286
35 31 1.492643124853721
35 33 5.495302739846443
35 34 0.5006636195338622
35 35 63.95097669110927
35 36 44.91022991275339
35 37 13.02961484199996
35 38 25.57662253741563
35 39 9.49314762809907
35 42 0.4968208263616095
35 47 18.9665218309405
35 49 59.50419506840354
35 51 73.99703999765053
35 52 25.5084995321011
35 54 44.96698319293804
35 57 52.50076774045029
35 58 84.99203743277636
35 59 2.497921716595666
35 61 0.4991891278197383
35 62 96.89021263537984
35 64 0.499229955393826
35 65 17.98618194936835
35 66 24.4576383324967
35 67 97.55832227419279
35 69 0.5221922352879121
35 73 0.4992234914433298
35 74 1.51450916256607
35 76 79.50256346422411
35 78 0.9987422061883787
35 79 34.49783403174189
35 81 0.5027655284789557
35 82 1.000129539834168
35 83 9.015466504186543
35 84 14.98869989047824
35 85 66.43500410934787
35 86 6.997987036110742
35 87 0.9958303263869271
35 88 118.4277121452896
35 89 3.000230339456452
35 91 26.98886513046385
35 92 93.11568938631582
35 93 4.494001823239341
35 94 1.997986088104616
35 96 0.4992354829323316
35 97 39.02601752015315
35 100 43.98794032748635
36 1 163.5355421858806
36 6 2.99578713060861
36 9 0.4984279247693109
36 10 26.00694772112506
36 11 0.99741434407479
36 13 18.48516799510737
36 15 34.3529979584353
36 16 1.498945510684911
36 17 0.4961913091143315
36 18 1.993591221455812
36 19 12.98680350698415
36 21 0.4995622612750182
36 29 1.99782343952321
36 31 0.9938753829949255
36 33 9.480214709694671
36 35 44.91022991275339
36 36 65.78740249081854
36 37 1.501562610987442
36 38 6.010601048486123
36 39 11.47757174941893
36 42 2.481073312880897
36 45 1.497268417070581
36 47 15.95218023911421
36 49 43.44951622467468
36 51 15.97966140284093
36 52 10.49056753351815
36 54 45.90970169207359
36 56 1.496261747655173
36 57 92.38747533192944
36 58 19.47417794627956
36 61 1.495727312666963
36 62 92.78052070756999
36 64 0.4986159223754516
36 65 32.93410959898281
36 66 6.480795670163791
36 67 13.49143779472417
36 68 2.993445507695549
36 74 1.51262673320742
36 76 9.488613007048025
36 78 5.486328716141894
36 79 26.46572756739882
36 81 0.5021427772177626
36 82 0.499449204687795
36 83 8.504106540455982
36 84 34.43160210741608
36 85 66.85220267681049
36 88 105.3059356334983
36 89 0.4994227277902436
36 91 9.983571509187696
36 92 20.00020413186817
36 93 2.99231698094997
36 94 1.49664724620842
36 97 18.48954784601994
36 100 43.43456015606461
37 1 7.010036101334498
37 4 0.5047077689349275
37 6 2.507185131994258
37 10 40.68470423292647
37 15 3.999968906222184
37 16 1.505372503978548
37 19 1.504900029877812
37 29 3.009582750542428
37 34 0.5021931218172615
37 35 13.02961484199996
37 36 1.501562610987442
37 37 6.032051088276554
37 38 9.557686262357045
37 39 1.002323306656756
37 45 0.5012283048320046
37 47 0.5006384832140721
37 49 3.510919544351939
37 50 0.504337365644958
37 51 19.05715455402286
37 52 9.532154394979727
37 54 2.004621177897511
37 56 0.5008891873215464
37 57 2.507656634585885
37 58 20.0590976756651
37 62 6.01146476178913
37 65 1.503414977642737
37 66 7.009165115224439
37 67 45.164286006845
37 69 0.5238562130229701
37 76 22.06778338761783
37 79 0.5014938917010431
37 83 0.5023909062716765
37 84 0.5011461884937548
37 85 2.004131176562227
37 86 0.5013807927239285
37 88 6.014615532901231
37 89 1.003126569390126
37 91 1.002634029096154
37 92 21.59245545352556
37 95 0.5071691216961474
37 97 11.04092392175268
37 100 1.002773274307052
38 1 18.5399453765682
38 4 0.5050769554419886
38 5 0.4970219224904424
38 6 13.54861674442369
38 10 98.01581188707324
38 13 5.523150122767928
38 15 24.51754510591906
38 16 5.021552613679637
38 18 1.001784527203201
38 19 9.0359551506396
38 26 0.5013743315924795
38 29 4.517646008589563
38 35 25.57662253741563
38 36 6.010601048486123
38 37 9.557686262357045
38 38 23.15646552274978
38 39 2.00610141206442
38 45 0.5015924216578983
38 47 0.5010017441494135
38 49 7.026931830219191
38 51 52.6961549958973
38 52 40.16449697422924
38 54 4.012149146622877
38 56 1.503754396895335
38 57 21.0796053382027
38 58 39.64545089499048
38 59 0.5014707776666831
38 62 15.54086408486786
38 63 1.002912727267923
38 64 0.5011141289847428
38 65 3.009009695841902
38 66 14.02848223005278
38 67 92.402889141796
38 68 1.002813533672512
38 70 1.50739502228786
38 76 41.65806391329254
38 77 0.5012119603362859
38 78 0.501256161446903
38 79 4.014853723081924
38 83 9.049579095895545
38 84 3.51056009758559
38 85 7.019540913012332
38 86 1.505230335820554
38 88 20.06324111353166
38 89 4.015418166419379
38 91 5.016807171645235
38 92 56.28168459228765
38 94 1.00276286051699
38 97 29.63124235208711
38 100 4.014001739721924
39 1 18.47113398347097
39 6 4.499416773190038
39 10 2.503867919076642
39 11 1.997374768660341
39 13 21.00997382571762
39 15 10.46856868770431
39 18 5.489370996661378
39 19 1.000260956117372
39 26 0.4995107862941155
39 35 9.49314762809907
39 36 11.47757174941893
39 37 1.002323306656756
39 38 2.00610141206442
39 39 14.98984854746423
39 40 0.4994088408051942
39 42 5.962122088012768
39 45 0.4997272569006487
39 47 1.996563925960478
39 48 1.991265260219797
39 49 4.000459915870046
39 51 4.500020894322741
39 52 10.50396903966097
39 54 6.995179452619023
39 56 1.498170401948696
39 57 27.50162930071343
39 58 1.499926468501235
39 60 0.4978755993462855
39 61 1.99684870887551
39 62 13.48531739688131
39 63 0.4995936154953207
39 65 2.49819291360829
39 66 1.996629744847996
39 67 4.502893499223246
39 68 3.496810821674585
39 70 0.5005954195085451
39 73 0.4992460475708715
39 75 0.4989660925747944
39 76 1.500115290395533
39 78 9.987871604818805
39 79 1.999962980932466
39 83 6.511464594426434
39 84 7.994329854327813
39 85 4.99533688323821
39 87 0.4979364039230408
39 88 8.49519324487005
39 89 0.5000613795682753
39 91 0.9996320068936184
39 92 5.507087751240658
39 97 6.504625279809889
39 100 3.499198038444373
40 2 1.013409173182631
40 3 0.4981520815670485
40 5 0.9898834389197271
40 6 1.998728674857428
40 11 66.87819158180987
40 13 0.9999686281802787
40 17 5.958883066808877
40 18 2.493907882856787
40 19 0.9997547280485838
40 25 1.997968388138445
40 26 6.490359200048371
40 31 1.491957776202388
40 33 0.4993422638738685
40 34 14.0120716024623
40 39 0.4994088408051942
40 40 13.97637404947569
40 41 2.488784126416219
40 42 0.4965930304389214
40 43 0.5074508572729274
40 48 6.468354171413162
40 52 1.499807353169643
40 56 7.986206552047835
40 57 0.4997766343010214
40 59 0.9987068894653489
40 60 3.483381274668691
40 61 4.490637325173663
40 63 51.93144490857262
40 64 1.497002475903644
40 68 1.997167469096787
40 70 14.50987605664377
40 73 18.96176034336476
40 77 10.48104164815965
40 78 0.9982820624419528
40 80 1.485243674954766
40 82 2.499169494520472
40 83 1.001256047742678
40 87 7.46529632151665
40 96 2.495029613360185
40 98 0.5029810782993245
40 99 3.002508826403532
41 1 1.492704912359657
41 3 2.483783494710439
41 5 1.480693880973001
41 6 0.4982786019731485
41 9 6.963793496547498
41 11 18.4145796176987
41 13 0.4985790381395492
41 17 47.04288940302678
41 18 3.979069460200241
41 19 0.4984723746722456
41 26 1.493572379100745
41 27 1.490768756253751
41 29 0.9968743230572334
41 31 7.934875119079324
41 33 0.4979402459749606
41 34 6.986337895665766
41 40 2.488784126416219
41 41 51.62186245576319
41 42 2.476044310951984
41 47 6.964865938399446
41 48 9.427323174268812
41 49 0.9968013637864502
41 54 0.4980001473351432
41 56 1.990954018062939
41 57 0.9967455748541427
41 58 0.4983183126711631
41 59 1.49385780183129
41 60 31.75899798368224
41 61 51.24874354691967
41 62 0.4978022217475266
41 63 11.95055064410844
41 64 1.990406528553812
41 68 1.991564567793037
41 70 3.49253755538305
41 73 9.454303997001979
41 75 3.481217610613036
41 78 0.9954816503153772
41 79 1.993339105716711
41 80 13.82374891375447
41 82 35.388543448275
41 85 2.987281653886408
41 86 0.9964451946853224
41 87 20.34809512638963
41 88 0.9961250843122634
41 91 0.9963212708852071
41 93 3.48392546108349
41 94 4.48079242653686
41 96 1.990427858363063
41 98 6.520266939356516
41 99 8.483185940416124
41 100 0.4982286554296635
42 1 1.985630107687689
42 3 0.4955992628872225
42 6 0.9942281059281817
42 9 0.4962520964157687
42 11 4.468769178327108
42 13 6.963786413159938
42 15 2.974188842465684
42 17 4.940375793524816
42 18 4.962229943638864
42 26 0.9933886899769873
42 27 0.4957643402608981
42 31 0.4947736029227361
42 35 0.4968208263616095
42 36 2.481073312880897
42 39 5.962122088012768
42 40 0.4965930304389214
42 41 2.476044310951984
42 48 3.465137914764657
42 49 0.9944699411494405
42 51 0.4971801271869221
42 52 0.4973647991031377
42 54 0.4968368929556604
42 56 2.979451718471786
42 57 5.469286863585113
42 60 1.485233149204049
42 61 6.453188004616102
42 62 1.986566371646267
42 63 3.477436603489906
42 65 0.4968201366000563
42 68 2.483639856572587
42 70 0.9955316783925371
42 73 2.482166993851964
42 75 3.969250863660034
42 77 0.4965344736884292
42 78 9.931574804563525
42 79 0.497168897307637
42 80 1.97024877779833
42 82 0.9945282379346686
42 83 1.992207022823608
42 84 3.477798353139998
42 85 0.4967163537583776
42 87 1.485414459409368
42 89 0.4972382314440548
42 92 0.4978155061975675
42 96 0.4964439244423765
42 97 1.492588718770038
42 99 0.4978426707406527
42 100 0.4970643355129729
43 2 17.00346213302668
43 7 0.5624123586858035
43 11 1.014769394506541
43 14 4.143319835167996
43 20 1.031101347750864
43 24 0.5182382403740033
43 25 0.5077972511958115
43 32 3.089437064090526
43 40 0.5074508572729274
43 43 19.60914193152777
43 44 2.589781295988287
43 53 9.300005684931991
43 55 4.63716794596397
43 63 0.5076416300623239
43 72 8.261789521910309
43 81 0.5109405094957743
43 95 0.5138777015550137
44 1 0.50911746149703
44 2 2.068707884143379
44 7 1.129400560061069
44 11 0.5092463203252707
44 12 1.030900865174387
44 14 3.638988257992572
44 24 2.600920665135559
44 43 2.589781295988287
44 44 7.278560542384856
44 53 2.592989752920595
44 55 2.068645372155591
44 71 0.5137639097512323
44 72 2.591452988019195
44 95 1.031575753103465
45 1 2.496423398328674
45 13 0.5003038077860333
45 15 0.4985675676533542
45 18 0.4990988033977607
45 36 1.497268417070581
45 37 0.5012283048320046
45 38 0.5015924216578983
45 39 0.4997272569006487
45 49 1.000245759080204
45 54 1.499161019099903
45 57 3.50066173959095
45 58 0.5000412775185006
45 62 0.4995216162473814
45 65 0.9994069553003023
45 67 1.000773543390403
45 68 0.4996097529732436
45 78 1.498374960646028
45 79 0.500056778596348
45 84 0.9994212295889422
45 85 0.9991973443580325
45 88 1.499346819949362
45 97 0.5004221581994263
45 100 0.4999509997511294
46 4 2.537953611294332
46 10 0.505135911762008
46 24 1.028753250162892
46 30 1.524485468311495
46 50 1.014430430004765
46 71 0.5080985676630366
46 90 1.015916770247663
47 1 76.30114826387421
47 3 0.9957721226427781
47 5 1.978713428942191
47 6 0.4994143501072209
47 9 10.96798866244237
47 10 9.004517760488588
47 11 1.496471021919628
47 13 1.499148182419948
47 15 4.979852803396324
47 17 8.437259233075338
47 18 0.4985139761530093
47 19 23.48162853338266
47 27 0.4980521466645455
47 29 1.498719532522133
47 31 6.958757870116723
47 33 8.484281455843908
47 34 3.000978073183969
47 35 18.9665218309405
47 36 15.95218023911421
47 37 0.5006384832140721
47 38 0.5010017441494135
47 39 1.996563925960478
47 41 6.964865938399446
47 47 36.89802004868973
47 48 0.9945994308546959
47 49 39.96292626249185
47 51 7.991700838112415
47 52 0.9993352266180179
47 54 14.47491182078726
47 57 10.98918929390245
47 58 13.4852737778135
47 59 3.49360492097952
47 60 6.963042323214099
47 61 4.98692089235012
47 62 32.43087231714757
47 63 1.497219703555379
47 64 0.4987325008552329
47 65 6.488535780562663
47 66 6.98094204603006
47 67 4.997996387331699
47 73 0.4987260496296677
47 74 1.008654207500158
47 76 5.994205665441201
47 79 22.97561131356936
47 80 3.463741779580056
47 82 19.98263220866187
47 83 1.000717993996544
47 84 4.991251156137142
47 85 60.38063868966764
47 86 2.99614473021248
47 87 4.97420660299252
47 88 36.44137488794863
47 91 9.985907677844985
47 92 12.50305582138189
47 93 16.4615787729773
47 94 7.983985033451731
47 96 3.49116945666419
47 97 3.498841438699757
47 98 2.513547472390809
47 99 1.50044829965775
47 100 24.96821995228196
48 6 1.992350926033503
48 9 0.4972219055075912
48 11 30.84504557374827
48 13 1.495164085126994
48 17 11.87998409040825
48 18 5.469130548052759
48 25 0.4978972076165378
48 26 1.492999902764663
48 27 0.4967322430336115
48 31 2.478702133985546
48 34 10.47548480323999
48 39 1.991265260219797
48 40 6.468354171413162
48 41 9.427323174268812
48 42 3.465137914764657
48 47 0.9945994308546959
48 48 1.983937951319604
48 52 1.495019468371923
48 56 5.473020111371675
48 57 1.494544697109178
48 59 0.4977603899801272
48 60 6.944625602844437
48 61 17.90533070452184
48 63 20.40771009808372
48 64 0.9948210190386727
48 68 1.49309990886585
48 70 4.987426073733507
48 73 7.461059137571636
48 75 1.491377643261274
48 77 5.970082459720503
48 78 5.473055271724735
48 79 0.4981422934771901
48 80 2.961100231253027
48 82 4.484150930296664
48 84 0.995600556626368
48 87 6.449366329692746
48 88 0.4978704396706759
48 94 0.4976735973332658
48 96 1.492246777171875
48 98 1.002732738994646
48 99 2.992914796432791
48 100 0.4980373222676108
49 1 188.8544958563841
49 5 1.486735649852358
49 9 2.497294589804696
49 10 36.5855229051732
49 13 7.008882081752347
49 15 24.94487888464564
49 18 0.4994287779327269
49 19 41.04323454552942
49 21 1.001193402082901
49 29 6.506382854428239
49 31 4.979619336500815
49 33 15.99971365484915
49 34 0.5010841721988505
49 35 59.50419506840354
49 36 43.44951622467468
49 37 3.510919544351939
49 38 7.026931830219191
49 39 4.000459915870046
49 41 0.9968013637864502
49 42 0.9944699411494405
49 45 1.000245759080204
49 47 39.96292626249185
49 49 63.05725527063495
49 51 19.01515563076231
49 52 4.505272824454425
49 54 47.50488681988985
49 57 45.03835713169597
49 58 36.5271565251082
49 59 8.00003384405939
49 60 0.9965390091165198
49 62 85.97455752648587
49 65 28.0019326528218
49 66 14.48703639082161
49 67 20.52946110298389
49 68 1.499820826498927
49 73 0.999282972517533
49 74 3.536834334455763
49 75 0.4993612313530638
49 76 17.01479260090982
49 78 1.999155147888765
49 79 41.53215477388628
49 82 3.002905015710029
49 83 3.508956767990524
49 84 20.50171052214619
49 85 125.4822941473525
49 86 5.002748271785629
49 87 1.494992279234402
49 88 127.0288091409904
49 89 0.5004582545530483
49 91 17.50743190122083
49 92 42.58856706433939
49 93 7.496267224597549
49 94 3.999316981400199
49 96 0.9993065967544006
49 97 11.51732409082929
49 100 62.53519967934887
50 4 0.5063865165745961
50 10 0.5039445384123338
50 30 1.013910435912526
50 37 0.504337365644958
50 46 1.014430430004765
50 67 0.5034861652161075
50 71 0.5068931980168127
50 90 0.506752183862779
