%%MatrixMarket matrix coordinate real general
%
100 100 3836
1 1 667.3659068792742
1 5 1.484266116626781
1 6 0.9989858974067612
1 9 9.972461075372877
1 10 67.54453995668041
1 11 0.4989015258923165
1 13 30.98726914398352
1 15 78.19600847789211
1 16 2.49922168101289
1 17 0.4963868343942227
1 18 2.492963829596441
1 19 81.9488100145165
1 23 0.499163661163663
1 29 7.494776369734393
1 31 5.468447758217335
1 33 32.94413043226333
1 34 0.5002410734242126
1 35 166.7319926629411
1 36 163.5355784968068
1 37 7.010040071793392
1 38 18.53994969431377
1 39 18.4711327005356
1 41 1.492705466508387
1 42 1.985627998195002
1 44 0.5091208699535994
1 45 2.496421341239387
1 47 76.30116906486191
1 49 188.8545470663003
1 51 40.96391901557426
1 52 18.49061523803255
1 54 158.7499338956928
1 56 1.49684563053636
1 57 176.8538489161626
1 58 65.93838991631407
1 59 7.98663180820108
1 60 1.989750488259238
1 61 0.4987705312569732
1 62 280.9453977991526
1 63 1.49745419348294
1 65 94.34817423387277
1 66 30.42174201225311
1 67 59.98542271628394
1 68 1.996408307236089
1 74 11.60137079360492
1 75 0.4985251516774836
1 76 38.96849277150578
1 78 8.981135982437104
1 79 110.4002264875758
1 80 1.484688914056694
1 82 6.995020538315708
1 83 14.01225730900519
1 84 69.38932440344961
1 85 314.4279759214071
1 86 8.490417020522225
1 87 1.492496011184037
1 88 360.976092234702
1 89 0.9992364757907163
1 91 60.92362578802396
1 92 85.03414864573813
1 93 16.46416544505532
1 94 8.983394240941536
1 96 0.9976330510631056
1 97 36.49364880035396
1 98 1.508366252413642
1 100 179.7995073706418
2 2 28.81123111178038
2 7 0.5614931932150765
2 8 2.055568835062902
2 11 2.533187571553397
2 14 4.13710562007206
2 17 0.5040443376955628
2 22 0.5126244473642307
2 25 1.014102965083407
2 32 12.85343697120819
2 40 1.013410267122443
2 43 17.0035166509802
2 44 2.068717803158447
2 53 4.643045257665046
2 55 11.83283682348338
2 56 0.5066859292122018
2 61 0.5065022795941939
2 63 1.013790079706711
2 70 0.5079257336682224
2 72 13.92090361494108
2 73 1.013075176563862
3 5 0.4939532868147395
3 11 0.4980865006245833
3 13 0.4989764636872844
3 17 4.460217093180457
3 19 0.4988699908569434
3 34 0.9988427047734064
3 40 0.4981516481332067
3 41 2.483786984865976
3 42 0.495599943681599
3 47 0.9957714193914998
3 56 0.4981331556922056
3 60 0.9932548038656079
3 61 3.485689645601888
3 63 0.4983351384633729
3 68 0.4982864073242275
3 70 0.9986626493550615
3 73 0.9959793885061854
3 78 0.9962729479096961
3 80 2.964564044656529
3 82 2.992958329157369
3 87 0.4966878801027879
3 99 0.4994078902290837
4 4 6.081191492031206
4 10 0.5043168930727879
4 12 0.5089169517505614
4 16 1.007646493708194
4 24 0.5135298522735882
4 30 7.610039354738778
4 35 1.006332248829666
4 37 0.5047099606889464
4 38 0.5050784862062657
4 46 2.537981257913865
4 50 0.506392279468421
4 52 0.5037236902564854
4 57 0.5035618481476495
4 58 0.5035070479392666
4 67 1.51157386223741
4 69 0.5260776724874007
4 71 1.521825189885194
4 76 1.007142353109047
4 90 3.042797107634547
4 95 0.5092458653144251
4 97 0.5038929570419541
5 1 1.484266116626781
5 3 0.4939532868147395
5 5 0.9815915490729341
5 9 0.4946019085062009
5 10 0.9925624375925027
5 11 3.464132610503551
5 16 0.4958035278640621
5 17 1.477204136563626
5 19 2.478248055894894
5 25 0.9905417476757202
5 31 0.98626871970431
5 34 3.969551154160671
5 35 0.9903343075033195
5 38 0.4970190603197174
5 40 0.9898807465097482
5 41 1.480692336249876
5 47 1.978711458700864
5 49 1.486734349227518
5 51 0.9910474622490317
5 54 0.4951830600809111
5 56 1.48476652038259
5 58 3.468481785648751
5 59 0.4951346684573812
5 60 0.4934356030511984
5 63 6.436582233852106
5 65 0.4951662831221825
5 66 0.4946944054350025
5 73 0.4947806260101671
5 75 0.4945054444160629
5 76 0.4955592581293278
5 77 0.989764311670997
5 79 0.495512547752576
5 82 2.973638956310834
5 84 0.4951732486357776
5 86 0.495402117136158
5 87 1.973981991957344
5 88 1.980975239725038
5 91 0.4953406291476517
5 92 1.488463066585178
5 93 0.9897764361557027
5 96 0.9895842898991006
5 97 0.4958710817900344
5 98 0.997400937781211
6 1 0.9989858974067612
6 6 13.00544399298061
6 10 9.018875225102628
6 11 8.993093439559635
6 13 4.504606405033625
6 15 5.985310779523711
6 16 1.001123329423856
6 17 0.9941882590783725
6 18 0.9986130932633673
6 26 3.498486945199702
6 34 2.504797731617595
6 35 2.499565862366269
6 36 2.995786415278822
6 37 2.507184690720853
6 38 13.54861710952795
6 39 4.499417168711625
6 40 1.998727255453044
6 41 0.4982791044949192
6 42 0.9942291353928894
6 47 0.4994145390271683
6 48 1.992352110227331
6 51 6.003317789296523
6 52 19.01760954052656
6 54 2.9995746643931
6 56 5.995958916525996
6 57 9.50577024020936
6 58 3.501747492832919
6 61 1.498453439861664
6 62 7.495947762793035
6 63 3.499066884494734
6 66 1.498293737720007
6 67 9.511322706880003
6 68 2.499089168027278
6 70 1.502606814433751
6 73 1.498557043499626
6 75 0.4992385860559816
6 76 5.503439748177014
6 77 2.49811307275486
6 78 5.496334552740107
6 80 0.4955994273274503
6 83 6.515038229616716
6 84 2.999515333717735
6 85 0.9996144906847793
6 86 0.5001522524307985
6 87 0.4982092053132947
6 88 2.999946042364348
6 89 3.002009888247315
6 91 0.5000897873271564
6 92 0.5009192128131648
6 96 0.4995307426987592
6 97 9.511979286955615
6 99 0.5009460196868344
6 100 1.000318362661935
7 2 0.5614931932150765
7 7 1.235911738127198
7 14 1.12930967156952
7 24 0.5650411287913172
7 35 0.5525200484767083
7 43 0.5624125993316818
7 44 1.129409364224377
7 53 0.5631712992925637
7 67 0.5533542100553827
7 72 0.5628067714977959
8 2 2.055568835062902
8 8 2.053199590949382
8 30 1.531767796069262
8 32 2.567721931002024
8 55 1.027754526464366
8 72 1.029984993691362
9 1 9.972461075372877
9 5 0.4946019085062009
9 9 4.98467580326179
9 10 0.5001731749480705
9 11 1.496238173288331
9 17 7.443488893187478
9 18 0.4984372727815922
9 19 4.995315440046465
9 27 0.4979745021100869
9 31 3.478839275247494
9 33 1.995990345554408
9 34 4.500761111703565
9 35 0.9980829735694053
9 36 0.4984285579113532
9 41 6.963788364639206
9 42 0.4962528153470159
9 47 10.96798558418954
9 48 0.4972228912117892
9 49 2.49729487963659
9 54 1.497172894268074
9 57 0.499431027051177
9 58 0.9987541390392329
9 59 1.996034669587946
9 60 10.44294035463888
9 61 2.991688347614919
9 62 1.995436812852569
9 63 0.9979911074180458
9 65 0.9980814977375609
9 66 0.9971228163661542
9 67 0.4997221955816121
9 70 0.999988197222316
9 73 1.994595594788509
9 75 0.4983694832311759
9 76 0.9988798077007719
9 78 0.4987961304761447
9 79 3.495746583023687
9 80 3.957943898222938
9 82 8.491296223109561
9 85 9.978724510593189
9 86 0.4992801133137786
9 87 4.476092910266516
9 88 2.495596617557869
9 91 1.497653986283515
9 92 1.500132916178401
9 93 4.488824759010923
9 94 0.4989215628059171
9 96 0.498660683159594
9 97 0.4997565995388306
9 98 1.507892179314564
9 99 1.500213397409506
9 100 3.495008848485198
10 1 67.54453995668041
10 4 0.5043168930727879
10 5 0.9925624375925027
10 6 9.018875225102628
10 9 0.5001731749480705
10 10 473.7848421667285
10 13 2.506760192172772
10 15 52.45909589626115
10 16 11.53224926969125
10 18 0.5001428202437775
10 19 56.13940453474496
10 29 27.56646246724732
10 31 1.496018091458372
10 33 3.504947981987808
10 34 1.003602742639514
10 35 139.2088713845146
10 36 26.00696902162567
10 37 40.68470988541062
10 38 98.01582806820348
10 39 2.503868278283187
10 46 0.5051387919658089
10 47 9.004520609217781
10 49 36.58552294650649
10 50 0.5039465112273809
10 51 225.5021944799875
10 52 83.71768617926166
10 53 0.5094831681920544
10 54 13.01995411577875
10 57 41.59489641950624
10 58 255.5554175311247
10 59 4.005743484419347
10 62 54.06129861404451
10 63 1.001409454931354
10 64 0.5003628829226435
10 65 6.00900557376737
10 66 67.53616174055307
10 67 357.5241777480525
10 68 0.5006557055775975
10 69 2.617193119801778
10 70 0.5017103393736935
10 73 0.5003559915676304
10 74 0.5059938021710891
10 76 271.6245537219166
10 78 0.5005042390030221
10 79 21.54749259948314
10 82 1.503602112165379
10 83 11.54598310346425
10 84 6.509847553984532
10 85 42.05419575590387
10 86 14.52875315669215
10 87 0.4990417835829442
10 88 86.64353240877929
10 89 4.510572716345187
10 90 0.5046799182371478
10 91 30.55665884068991
10 92 233.3188225596784
10 93 4.0037295774099
10 94 1.501891478461056
10 97 119.8516291554649
10 100 19.03793723344655
11 1 0.4989015258923165
11 2 2.533187571553397
11 3 0.4980865006245833
11 5 3.464132610503551
11 6 8.993093439559635
11 9 1.496238173288331
11 11 277.4578621098622
11 13 0.9998364118523009
11 14 0.509208903632383
11 15 1.494559582182747
11 17 37.73465340630312
11 18 15.46018539177197
11 19 0.9996224558675166
11 25 6.991967376602947
11 26 21.96444448423961
11 31 11.93409182320234
11 32 0.5062992694131055
11 34 61.04451576097487
11 35 0.9986418195367315
11 36 0.9974139091183608
11 39 1.99737166343001
11 40 66.87809634530539
11 41 18.41455880842614
11 42 4.468759542807211
11 43 1.014771871096903
11 44 0.5092489826581027
11 47 1.496470062340554
11 48 30.84500029226464
11 52 2.499346535727949
11 56 32.93872540938166
11 57 2.498552369846915
11 59 1.49786303032446
11 60 10.94632012064086
11 61 35.4214294622174
11 62 0.9982763731067889
11 63 207.1989276593863
11 64 11.47549240640402
11 66 0.4988400111251525
11 67 1.500005827703925
11 68 3.993804879670277
11 70 49.52714258105566
11 73 76.83488848984034
11 75 3.490534425965547
11 77 58.88566460317922
11 78 3.992600030730677
11 79 0.4996719159063946
11 80 5.445190332143809
11 82 9.495585710493652
11 83 1.001123079041295
11 86 0.9991188479516997
11 87 21.39770121664877
11 88 0.4993986797746133
11 93 1.996148521998124
11 96 8.481969837221557
11 97 1.000072928274406
11 98 1.508741279713678
11 99 19.013349088813
12 4 0.5089169517505614
12 44 1.030912515397622
12 67 0.5059844055364338
12 90 0.5092870852393606
12 95 0.511418178929767
13 1 30.98726914398352
13 3 0.4989764636872844
13 6 4.504606405033625
13 10 2.506760192172772
13 11 0.9998364118523009
13 13 31.05051212679406
13 15 14.97230157400886
13 16 1.001729262161531
13 17 1.492178946055482
13 18 5.995296066856105
13 19 2.503537378066229
13 26 1.500257820131104
13 29 0.5006712495998166
13 31 0.4981408422512828
13 33 0.5001708574212198
13 34 0.5012630199583181
13 35 11.00473500103254
13 36 18.48516964870766
13 38 5.523156020842476
13 39 21.00997610531606
13 40 0.999967552243084
13 41 0.4985794611068128
13 42 6.963786460303983
13 45 0.500302227339514
13 47 1.499148078750016
13 48 1.495163627245863
13 49 7.008882464262602
13 51 7.008107559434038
13 52 7.010726525977476
13 54 14.00647588899295
13 56 1.499895363633708
13 57 66.08003610152055
13 58 2.502761197482228
13 60 0.498448171913169
13 61 7.496794225719713
13 62 22.00140029996551
13 63 1.500506342805823
13 65 4.501928740050564
13 66 0.4997327807839071
13 67 4.007191798650062
13 68 4.501077274997046
13 70 2.004688271289098
13 73 1.499461849462614
13 75 1.998159635277152
13 76 3.504306903267064
13 78 17.99887117470502
13 79 4.004541279627723
13 80 0.4958964174155875
13 82 0.5006637778099032
13 83 6.518985232559964
13 84 19.00841290011736
13 85 7.001530189456657
13 88 27.51613435812271
13 89 1.001275425157123
13 91 1.501176972834078
13 92 3.007335748014007
13 93 0.4999306012022337
13 94 0.5000946004731683
13 97 4.508401870760859
13 99 2.004997471231221
13 100 5.505078903692793
14 2 4.13710562007206
14 7 1.12930967156952
14 11 0.509208903632383
14 14 2.079268697262119
14 24 1.04029433561814
14 43 4.143343691597238
14 44 3.63901391405592
14 53 3.629921726663384
14 55 2.585613837198697
14 72 4.664270935595784
14 81 0.5127910088392782
15 1 78.19600847789211
15 6 5.985310779523711
15 10 52.45909589626115
15 11 1.494559582182747
15 13 14.97230157400886
15 15 27.85164185924017
15 16 3.993010090549926
15 18 2.489392215983669
15 19 9.979404826697044
15 29 1.99573678841296
15 31 0.4964214276498992
15 33 3.98749908197536
15 35 34.39521272432339
15 36 34.35300209040065
15 37 3.999972662746246
15 38 24.51754738139737
15 39 10.46857360240617
15 42 2.974192351329997
15 45 0.4985678262539801
15 47 4.979856228201545
15 49 24.94488720775631
15 51 30.42940550683566
15 52 28.44462729487046
15 54 25.42336365604043
15 56 1.494699295429164
15 57 61.85985217071051
15 58 21.94790405391143
15 61 0.4980554098652162
15 62 53.31801888036937
15 63 0.4984352400473956
15 65 14.95441418599762
15 66 8.964039271952085
15 67 48.91771125537252
15 68 2.990319703654715
15 73 0.4980894908855583
15 74 1.007352369994927
15 75 0.4978106528816615
15 76 27.43832776326376
15 78 4.982364803663764
15 79 11.47311943853189
15 81 0.5016144840349458
15 82 0.4989267860289948
15 83 9.494641431584792
15 84 19.93950019634212
15 85 27.41068796606867
15 86 3.491035373066194
15 88 67.30545840648421
15 89 4.490107555774295
15 91 4.986571935351853
15 92 28.96994243892254
15 93 0.9963973802019094
15 94 0.4983615048793215
15 97 29.45248781826185
15 99 0.499508434246582
15 100 20.94649679940606
16 1 2.49922168101289
16 4 1.007646493708194
16 5 0.4958035278640621
16 6 1.001123329423856
16 10 11.53224926969125
16 13 1.001729262161531
16 15 3.993010090549926
16 16 1.001829540065512
16 19 0.5007573668835296
16 29 1.502163397900973
16 35 4.002119241604414
16 36 1.498946461151438
16 37 1.505372993483364
16 38 5.021552117098828
16 51 7.008805684846507
16 52 7.011425032679372
16 57 1.001312335113864
16 58 5.006020414570382
16 62 1.500244373515393
16 66 0.9995648835141843
16 67 13.02466959784667
16 69 0.5229072221920774
16 76 11.01463537193222
16 83 1.003020798062769
16 84 0.5002711896731452
16 85 2.000636273014804
16 88 0.5003431424177259
16 89 1.001375376371676
16 91 1.000884073157808
16 92 4.511453496377275
16 97 6.011801516933519
17 1 0.4963868343942227
17 2 0.5040443376955628
17 3 4.460217093180457
17 5 1.477204136563626
17 6 0.9941882590783725
17 9 7.443488893187478
17 11 37.73465340630312
17 13 1.492178946055482
17 17 51.37783731946322
17 18 11.41265905549789
17 19 1.491861912504731
17 25 1.490718166010233
17 26 0.9933470138115286
17 27 3.965952440949196
17 31 6.926576245987666
17 33 0.9935160568027972
17 34 16.42855852161045
17 36 0.4961939258359338
17 40 5.958879878819471
17 41 47.04286018332665
17 42 4.940377074834986
17 47 8.437256693628781
17 48 11.87997929685509
17 52 0.4973451476355665
17 54 0.4968175109842844
17 56 3.47588460985526
17 57 0.4971874351301034
17 58 0.4971340190811125
17 59 1.987075143737455
17 60 34.65409897113557
17 61 60.55817708478967
17 62 0.4966207507508025
17 63 31.29561690310962
17 64 2.482096495617717
17 68 0.4967074530332113
17 70 4.977455199630122
17 73 18.8636746899673
17 75 3.472948646693831
17 77 4.965146745203143
17 78 4.965583699087218
17 79 0.4971491265382928
17 80 20.68673392961636
17 82 31.82361800015829
17 84 0.9936153600439223
17 85 4.470274065551514
17 86 0.49703775227627
17 87 29.21201397380634
17 88 1.490636226728816
17 92 0.4977949546589902
17 93 6.951291694709411
17 94 0.9933653465869366
17 96 1.489272003232912
17 98 6.004300012153083
17 99 13.93900900741408
17 100 0.9940895300743433
18 1 2.492963829596441
18 6 0.9986130932633673
18 9 0.4984372727815922
18 10 0.5001428202437775
18 11 15.46018539177197
18 13 5.995296066856105
18 15 2.489392215983669
18 17 11.41265905549789
18 18 6.977698145816508
18 26 2.494413056730385
18 31 0.4969469882724173
18 34 4.500486261026767
18 35 0.9980226010136302
18 36 1.993593275313376
18 38 1.001784142396467
18 39 5.489368847502898
18 40 2.493905166662779
18 41 3.979066447686751
18 42 4.962227828234282
18 45 0.4990979037789138
18 47 0.4985144637111851
18 48 5.469120694319658
18 49 0.4994285336473027
18 51 0.499373445423508
18 52 0.9991194782253311
18 56 1.99504926095671
18 57 5.493405276217164
18 60 3.978021859107447
18 61 16.45328457433033
18 62 0.4988289024792272
18 63 4.490686668826753
18 68 5.488080294605544
18 70 3.999709143085952
18 73 6.482043206958074
18 75 2.491696093447828
18 77 1.994887681986513
18 78 11.97038253221487
18 80 4.45241880093069
18 82 1.498372984988305
18 83 3.00150306287687
18 84 1.996069989113546
18 85 0.4989058448298926
18 87 5.967762442817932
18 93 0.4987281914628
18 97 0.9994525536706327
18 98 0.5025998026666971
18 99 3.000243574330233
19 1 81.9488100145165
19 3 0.4988699908569434
19 5 2.478248055894894
19 9 4.995315440046465
19 10 56.13940453474496
19 11 0.9996224558675166
19 13 2.503537378066229
19 15 9.979404826697044
19 16 0.5007573668835296
19 17 1.491861912504731
19 19 30.03601922917485
19 27 0.4990366583695842
19 29 5.506204973765427
19 31 2.98820843301069
19 33 6.500831116220518
19 34 2.505777374877894
19 35 37.50811600589839
19 36 12.98680413642168
19 37 1.504899991752463
19 38 9.035950221009779
19 39 1.000261037193923
19 40 0.9997536413097974
19 41 0.4984730873512455
19 47 23.48163488671705
19 49 41.04324116384669
19 51 21.01982209435826
19 52 4.505930959229232
19 54 13.50335649765675
19 57 13.51347780166563
19 58 35.53159815073581
19 59 3.500525200770241
19 60 1.993367597027982
19 61 1.998717569630572
19 62 32.99504412762342
19 63 1.500185296913246
19 64 0.9994413058573866
19 65 10.00214581585939
19 66 11.99102215128362
19 67 31.04908138569528
19 69 0.5227358587525748
19 73 0.499713890952278
19 74 0.5053370988739989
19 76 29.52998100924412
19 79 19.01749659411663
19 82 4.004452133114991
19 83 1.504058885328653
19 84 3.500800415327714
19 85 55.50025698356001
19 86 4.002781876086366
19 87 2.492014631677096
19 88 51.01900502516743
19 91 9.505419004284848
19 92 36.08029305753826
19 93 11.99576887210197
19 94 3.499913725567061
19 96 0.9994513118673601
19 97 11.51900356860467
19 100 26.51879405119385
20 32 0.5144319039751667
20 43 1.031107654492842
20 55 0.5147660247034944
21 36 0.4995599273210387
21 49 1.001189951829021
21 57 1.501700794100029
21 58 0.500512681066148
21 62 0.9999849622926085
21 65 0.500174890815853
21 88 1.000507833743495
21 91 0.5003528896638809
21 92 0.5011831563433249
21 95 0.5061829558371614
21 100 0.500422290893761
22 2 0.5126244473642307
22 32 0.5122780691912133
22 55 0.5126093348058698
22 82 0.5055924239725197
23 1 0.499163661163663
23 79 0.4999345391306741
24 4 0.5135298522735882
24 7 0.5650411287913172
24 14 1.04029433561814
24 30 0.514115299557147
24 43 0.5182451742195255
24 44 2.600944308811838
24 46 1.028765091182811
24 53 0.5188882672309725
24 90 1.027813543391957
25 2 1.014102965083407
25 5 0.9905417476757202
25 11 6.991967376602947
25 17 1.490718166010233
25 26 0.4995938383480339
25 32 0.5067123641407006
25 34 1.502304974797858
25 40 1.997967150490572
25 43 0.507801042944103
25 48 0.4978990475669041
25 53 0.5084185946720554
25 55 0.507036615415873
25 58 0.5000589851722284
25 59 0.4996896182398003
25 61 0.9985891292564781
25 63 4.996762910439928
25 70 1.00135549279947
25 73 3.495302811644036
25 80 0.9908246892717336
25 82 0.5001704408111843
25 87 2.49010081131705
25 99 0.5007548783102678
26 6 3.498486945199702
26 11 21.96444448423961
26 13 1.500257820131104
26 17 0.9933470138115286
26 18 2.494413056730385
26 25 0.4995938383480339
26 26 2.996154858066448
26 34 4.504792979844168
26 38 0.5013726445486225
26 39 0.4995103949701982
26 40 6.49034656586866
26 41 1.493570363307344
26 42 0.9933886255052062
26 48 1.492997703886677
26 51 0.4998509441915293
26 52 4.000300716282563
26 56 5.491626978295032
26 57 0.4998781394789258
26 60 0.4977262247635386
26 61 2.495302325275841
26 63 18.47934693763883
26 64 0.9982031365550577
26 68 0.4993930303641187
26 70 4.503981320869755
26 73 4.491852824674866
26 77 4.991981736085495
26 78 0.4992423291130051
26 82 1.499806019355573
26 84 0.4994942016648258
26 87 0.9955743498105212
26 97 0.5002043668665842
26 99 1.501558838985239
27 9 0.4979745021100869
27 17 3.965952440949196
27 19 0.4990366583695842
27 33 0.498503555254922
27 41 1.490767604011094
27 42 0.4957642765872007
27 47 0.4980516554239961
27 48 0.496732617408308
27 56 1.494897562221285
27 60 0.9935845838164385
27 61 3.486850900352271
27 73 1.494466798051701
27 79 0.4988975557033819
27 80 0.4942573960869454
27 82 2.494965030527905
27 85 0.4984423168123494
27 87 0.496852953354254
27 93 0.4982648698512208
28 61 0.4987792077571373
28 73 0.4988134198814261
29 1 7.494776369734393
29 10 27.56646246724732
29 13 0.5006712495998166
29 15 1.99573678841296
29 16 1.502163397900973
29 19 5.506204973765427
29 29 1.001055913153057
29 31 0.4979990384230538
29 33 0.5000278883796528
29 35 12.00173043304754
29 36 1.997825606455812
29 37 3.00958241666235
29 38 4.517647224086207
29 41 0.9968744239652845
29 47 1.498719875644095
29 49 6.50638600806144
29 51 6.505664471552906
29 52 3.003737301151361
29 54 2.000352897950997
29 57 3.503241120357577
29 58 23.01880937690482
29 59 1.00007788115395
29 60 0.498306069558176
29 62 3.999110330404851
29 64 0.4996846927336495
29 65 1.000142421022997
29 66 6.994258943107251
29 67 26.03928255176574
29 76 20.51935198274037
29 79 2.502121893997308
29 83 1.503949809914822
29 84 1.500234948835395
29 85 4.499695591690746
29 86 2.501557205794097
29 88 5.501651660433491
29 91 2.000996634986925
29 92 18.53992031652908
29 93 0.9995748785055941
29 94 0.9999038326322877
29 97 8.513429866348854
29 100 4.502865712610429
30 4 7.610039354738778
30 8 1.531767796069262
30 24 0.514115299557147
30 30 1.015814961727414
30 32 0.5108312337908242
30 46 1.524504879603996
30 50 1.013922868756815
30 67 0.5044214693685812
30 71 2.031384108994146
30 90 1.523110212232923
30 92 0.5047497132413907
31 1 5.468447758217335
31 5 0.98626871970431
31 9 3.478839275247494
31 10 1.496018091458372
31 11 11.93409182320234
31 13 0.4981408422512828
31 15 0.4964214276498992
31 17 6.926576245987666
31 18 0.4969469882724173
31 19 2.98820843301069
31 29 0.4979990384230538
31 31 4.954953039008563
31 33 0.9950083933662754
31 34 5.983012096270672
31 35 1.492643248304316
31 36 0.9938766910743936
31 40 1.491956243151732
31 41 7.93486847244526
31 42 0.4947755355614056
31 47 6.958753553591468
31 48 2.478699178254664
31 49 4.979625635572412
31 51 0.4979077127519238
31 56 0.4973003419530759
31 58 0.4978811292558274
31 59 1.492543999392465
31 60 5.949591579954394
31 61 5.965480615181771
31 62 0.4973663192722564
31 63 3.482511786042259
31 64 1.491492592161325
31 65 1.492640704616699
31 66 1.491211078303619
31 67 1.494672534862899
31 70 0.498494471098832
31 73 1.988629556022479
31 76 1.493830540915357
31 77 0.4972600178473784
31 79 3.485274631595116
31 80 3.45292279542503
31 82 13.94376178409956
31 85 6.964200387410972
31 86 0.4977847572881753
31 87 3.966879693466827
31 88 2.488125042591398
31 91 1.990891748642694
31 92 2.49272132534871
31 93 6.464460016808098
31 94 0.4974282639275267
31 96 2.983014279223046
31 98 0.5011152032583319
31 99 2.492854972854245
31 100 1.991166456101866
32 2 12.85343697120819
32 8 2.567721931002024
32 11 0.5062992694131055
32 20 0.5144319039751667
32 22 0.5122780691912133
32 25 0.5067123641407006
32 30 0.5108312337908242
32 32 14.38609052514422
32 43 3.08944864144859
32 53 0.5155429964456382
32 55 6.169466279000381
32 63 0.5065564361550626
32 71 0.5107693857826642
32 72 3.091431108995173
33 1 32.94413043226333
33 9 1.995990345554408
33 10 3.504947981987808
33 13 0.5001708574212198
33 15 3.98749908197536
33 17 0.9935160568027972
33 19 6.500831116220518
33 27 0.498503555254922
33 29 0.5000278883796528
33 31 0.9950083933662754
33 33 1.998114856762569
33 35 5.495302740901024
33 36 9.48021203403415
33 40 0.499342127430586
33 41 0.4979413225278427
33 47 8.484275894317994
33 49 15.99971713757617
33 51 2.99961494278485
33 54 9.991779521293148
33 57 8.999335664493934
33 58 5.498999158741818
33 59 2.497699472391403
33 60 0.4978104270411365
33 62 12.98413951173969
33 65 1.998288550208179
33 66 0.9981834860913746
33 67 3.501784246745614
33 73 0.4991794501760956
33 76 1.499916267569736
33 78 0.4993269835295563
33 79 10.99833736943499
33 80 1.48579550827421
33 82 2.000081122324795
33 83 1.001629987088024
33 84 1.498737303078496
33 85 25.47283178084036
33 87 0.4978714321599345
33 88 23.48359202882753
33 91 5.497245654084874
33 92 3.504044152014015
33 93 2.496444049779003
33 94 0.9989053925706421
33 98 0.5031695997856114
33 100 9.996376878213795
34 1 0.5002410734242126
34 3 0.9988427047734064
34 5 3.969551154160671
34 6 2.504797731617595
34 9 4.500761111703565
34 10 1.003602742639514
34 11 61.04451576097487
34 13 0.5012630199583181
34 17 16.42855852161045
34 18 4.500486261026767
34 19 2.505777374877894
34 25 1.502304974797858
34 26 4.504792979844168
34 31 5.983012096270672
34 34 22.07532853070704
34 35 0.5006624417782598
34 37 0.5021908483708413
34 40 14.01205641787603
34 41 6.986330689027948
34 47 3.000973816155729
34 48 10.47546893118479
34 49 0.5010822145206643
34 56 6.505353692157839
34 59 2.503145410564041
34 60 8.481167933398073
34 61 12.0055859711325
34 63 42.55235268897888
34 64 4.002192324500959
34 68 0.5005667299806805
34 70 6.019452282590985
34 73 18.50988511662762
34 75 1.49995812931386
34 76 0.5010631626608414
34 77 9.507050824537753
34 78 2.001661553939062
34 79 0.5010153934135406
34 80 3.474350980246016
34 82 9.521121457353539
34 85 0.5005562718538208
34 86 0.5009024201827533
34 87 7.983255090352948
34 88 0.5007406383927756
34 91 1.001679517977893
34 93 4.003017727641817
34 94 1.001083210480024
34 96 5.002790153802427
34 97 0.5013820617029254
34 99 6.522081368939297
35 1 166.7319926629411
35 4 1.006332248829666
35 5 0.9903343075033195
35 6 2.499565862366269
35 7 0.5525200484767083
35 9 0.9980829735694053
35 10 139.2088713845146
35 11 0.9986418195367315
35 13 11.00473500103254
35 15 34.39521272432339
35 16 4.002119241604414
35 18 0.9980226010136302
35 19 37.50811600589839
35 29 12.00173043304754
35 31 1.492643248304316
35 33 5.495302740901024
35 34 0.5006624417782598
35 35 63.95099020218105
35 36 44.91023053134357
35 37 13.02961951549148
35 38 25.57662517103532
35 39 9.493148213823829
35 42 0.4968218788235423
35 47 18.96652702030134
35 49 59.50421199137789
35 51 73.99705538708186
35 52 25.5085072307397
35 54 44.96698432298479
35 57 52.50076836380806
35 58 84.99205362186966
35 59 2.497920129813084
35 61 0.4991892046133202
35 62 96.89022656116363
35 64 0.4992303569150962
35 65 17.98618326544346
35 66 24.45765468046306
35 67 97.55834053506193
35 69 0.5221994153207072
35 73 0.4992235554397997
35 74 1.51450743599695
35 76 79.50258240652795
35 78 0.9987424078697809
35 79 34.49783612215486
35 81 0.502764567943959
35 82 1.000129219304217
35 83 9.015468816348925
35 84 14.98869980297001
35 85 66.43501627682581
35 86 6.997986048106021
35 87 0.9958303750849966
35 88 118.4277217588564
35 89 3.000231344188216
35 91 26.98886490410717
35 92 93.11570373968492
35 93 4.493998541700432
35 94 1.997987563161938
35 96 0.4992351799011217
35 97 39.02603049841918
35 100 43.98794436632526
36 1 163.5355784968068
36 6 2.995786415278822
36 9 0.4984285579113532
36 10 26.00696902162567
36 11 0.9974139091183608
36 13 18.48516964870766
36 15 34.35300209040065
36 16 1.498946461151438
36 17 0.4961939258359338
36 18 1.993593275313376
36 19 12.98680413642168
36 21 0.4995599273210387
36 29 1.997825606455812
36 31 0.9938766910743936
36 33 9.48021203403415
36 35 44.91023053134357
36 36 65.78742018895052
36 37 1.501562720945907
36 38 6.01059956884797
36 39 11.47757037718725
36 42 2.481071084844274
36 45 1.497267922410274
36 47 15.95218585531403
36 49 43.44952129586549
36 51 15.97967072615308
36 52 10.49056999706795
36 54 45.90970833940707
36 56 1.496261118509874
36 57 92.38748176293826
36 58 19.47417956046134
36 61 1.495726706711382
36 62 92.78053570060602
36 64 0.4986167857916136
36 65 32.93411037770787
36 66 6.480791405909715
36 67 13.49144002704785
36 68 2.993445698667133
36 74 1.512624933027409
36 76 9.488613933769367
36 78 5.486328897474831
36 79 26.46572184885427
36 81 0.502142264998352
36 82 0.4994489649454589
36 83 8.504110699310296
36 84 34.43160338562133
36 85 66.85221678403865
36 88 105.3059455011782
36 89 0.4994231686483754
36 91 9.983577363032976
36 92 20.0002041774266
36 93 2.992315841741827
36 94 1.496647621020838
36 97 18.48954428411878
36 100 43.43456406268936
37 1 7.010040071793392
37 4 0.5047099606889464
37 6 2.507184690720853
37 10 40.68470988541062
37 15 3.999972662746246
37 16 1.505372993483364
37 19 1.504899991752463
37 29 3.00958241666235
37 34 0.5021908483708413
37 35 13.02961951549148
37 36 1.501562720945907
37 37 6.032046941482128
37 38 9.55768532084087
37 39 1.002323090525763
37 45 0.5012265101112688
37 47 0.5006382920789518
37 49 3.510921176223796
37 50 0.504339379325574
37 51 19.05716877049262
37 52 9.532152859425384
37 54 2.004621345375979
37 56 0.50088825571
37 57 2.507659219120665
37 58 20.05909775523355
37 62 6.011461888102405
37 65 1.503415223803937
37 66 7.009169443850721
37 67 45.16429126843671
37 69 0.5238622736389142
37 76 22.06779534001853
37 79 0.5014929482850379
37 83 0.5023890392667403
37 84 0.5011453237550938
37 85 2.004132139051017
37 86 0.5013796846485684
37 88 6.014611688867546
37 89 1.003126467830038
37 91 1.002633958522928
37 92 21.59246452992013
37 95 0.5071698038518951
37 97 11.04092426462859
37 100 1.002773115337194
38 1 18.53994969431377
38 4 0.5050784862062657
38 5 0.4970190603197174
38 6 13.54861710952795
38 10 98.01582806820348
38 13 5.523156020842476
38 15 24.51754738139737
38 16 5.021552117098828
38 18 1.001784142396467
38 19 9.035950221009779
38 26 0.5013726445486225
38 29 4.517647224086207
38 35 25.57662517103532
38 36 6.01059956884797
38 37 9.55768532084087
38 38 23.156491062961
38 39 2.006098933578698
38 45 0.5015900096294366
38 47 0.5010006154374361
38 49 7.026935009443008
38 51 52.69616091733453
38 52 40.1645034383348
38 54 4.012149018285383
38 56 1.503753298683665
38 57 21.07961512326751
38 58 39.64545259568104
38 59 0.5014691238339148
38 62 15.54086069137081
38 63 1.002911702011976
38 64 0.5011128532125041
38 65 3.009009307493624
38 66 14.02848996046871
38 67 92.40290169493134
38 68 1.002813046854582
38 70 1.5073930254226
38 76 41.65808278488937
38 77 0.5012101305066862
38 78 0.5012545974917836
38 79 4.014852389732765
38 83 9.049573284497349
38 84 3.510560977999553
38 85 7.019543098870678
38 86 1.505229546625444
38 88 20.06324011566846
38 89 4.015416355177135
38 91 5.016804734376317
38 92 56.28168299549734
38 94 1.002762350179333
38 97 29.63124497483662
38 100 4.014002106899564
39 1 18.4711327005356
39 6 4.499417168711625
39 10 2.503868278283187
39 11 1.99737166343001
39 13 21.00997610531606
39 15 10.46857360240617
39 18 5.489368847502898
39 19 1.000261037193923
39 26 0.4995103949701982
39 35 9.493148213823829
39 36 11.47757037718725
39 37 1.002323090525763
39 38 2.006098933578698
39 39 14.98984754090521
39 40 0.4994084486680556
39 42 5.962126170224236
39 45 0.4997262207794194
39 47 1.99656532173476
39 48 1.991265117936339
39 49 4.000461530700941
39 51 4.500021558629827
39 52 10.50397205133615
39 54 6.995176296867535
39 56 1.498169715031595
39 57 27.50162841614269
39 58 1.499926491793364
39 60 0.4978764215537624
39 61 1.996845330388616
39 62 13.48532287212928
39 63 0.4995930707737191
39 65 2.498192924148643
39 66 1.99663284674234
39 67 4.502893368335219
39 68 3.496809620181503
39 70 0.5005940144667822
39 73 0.4992457643381302
39 75 0.4989657663810901
39 76 1.500115909489902
39 78 9.987867705109002
39 79 1.999963457499539
39 83 6.511463160864569
39 84 7.994328748707466
39 85 4.995337223763912
39 87 0.4979374681685567
39 88 8.495195275866022
39 89 0.5000609330220313
39 91 0.9996321155565223
39 92 5.50708890939138
39 97 6.504629056357193
39 100 3.4991971815423
40 2 1.013410267122443
40 3 0.4981516481332067
40 5 0.9898807465097482
40 6 1.998727255453044
40 11 66.87809634530539
40 13 0.999967552243084
40 17 5.958879878819471
40 18 2.493905166662779
40 19 0.9997536413097974
40 25 1.997967150490572
40 26 6.49034656586866
40 31 1.491956243151732
40 33 0.499342127430586
40 34 14.01205641787603
40 39 0.4994084486680556
40 40 13.97636021362179
40 41 2.488779308719813
40 42 0.4965936300619889
40 43 0.5074536554479696
40 48 6.46834380302868
40 52 1.499806346738173
40 56 7.986194387183676
40 57 0.4997761726683918
40 59 0.9987062976963973
40 60 3.48337564711023
40 61 4.490626550559016
40 63 51.93136085499643
40 64 1.496999779651759
40 68 1.997164626848608
40 70 14.50985919415999
40 73 18.96173403153752
40 77 10.4810251335326
40 78 0.9982809565585898
40 80 1.485245080481688
40 82 2.499166380088942
40 83 1.001254468324476
40 87 7.465289334009041
40 96 2.495023944035311
40 98 0.5029801878773882
40 99 3.002502236673114
41 1 1.492705466508387
41 3 2.483786984865976
41 5 1.480692336249876
41 6 0.4982791044949192
41 9 6.963788364639206
41 11 18.41455880842614
41 13 0.4985794611068128
41 17 47.04286018332665
41 18 3.979066447686751
41 19 0.4984730873512455
41 26 1.493570363307344
41 27 1.490767604011094
41 29 0.9968744239652845
41 31 7.93486847244526
41 33 0.4979413225278427
41 34 6.986330689027948
41 40 2.488779308719813
41 41 51.62184393784009
41 42 2.476040413947774
41 47 6.964865687921852
41 48 9.427308398902408
41 49 0.9968015688131634
41 54 0.4980010396422025
41 56 1.99094936632569
41 57 0.9967457394756569
41 58 0.4983191525476295
41 59 1.493856541903149
41 60 31.75896574084634
41 61 51.24869711902459
41 62 0.4978034535285886
41 63 11.95054206219356
41 64 1.990403733702124
41 68 1.991561670826029
41 70 3.492535320448445
41 73 9.454289335870458
41 75 3.481210904651867
41 78 0.9954815956221951
41 79 1.993337288468378
41 80 13.82373033690158
41 82 35.38851031914918
41 85 2.987281510305952
41 86 0.9964453180396694
41 87 20.34807267552031
41 88 0.996125258854022
41 91 0.9963213267743414
41 93 3.483922289534956
41 94 4.480790627967014
41 96 1.990423741558469
41 98 6.520266812890725
41 99 8.483172123300035
41 100 0.4982295290369801
42 1 1.985627998195002
42 3 0.495599943681599
42 6 0.9942291353928894
42 9 0.4962528153470159
42 11 4.468759542807211
42 13 6.963786460303983
42 15 2.974192351329997
42 17 4.940377074834986
42 18 4.962227828234282
42 26 0.9933886255052062
42 27 0.4957642765872007
42 31 0.4947755355614056
42 35 0.4968218788235423
42 36 2.481071084844274
42 39 5.962126170224236
42 40 0.4965936300619889
42 41 2.476040413947774
42 48 3.465134579697118
42 49 0.9944715874511628
42 51 0.4971808639743729
42 52 0.4973654708233461
42 54 0.4968377522952269
42 56 2.97945114564344
42 57 5.469285210796325
42 60 1.485235726388808
42 61 6.45318358320834
42 62 1.986563938158022
42 63 3.477432769050904
42 65 0.4968210736239193
42 68 2.483638607877758
42 70 0.9955318296318134
42 73 2.482163370747971
42 75 3.96924529405951
42 77 0.496535040059281
42 78 9.931573408971932
42 79 0.497169444988394
42 80 1.970244982104186
42 82 0.9945284428581533
42 83 1.992201062392775
42 84 3.4777963551044
42 85 0.496717401211008
42 87 1.485416998640528
42 89 0.4972386549502262
42 92 0.4978156058263111
42 96 0.4964443797217546
42 97 1.492591514698606
42 99 0.497842052326657
42 100 0.4970650221138138
43 2 17.0035166509802
43 7 0.5624125993316818
43 11 1.014771871096903
43 14 4.143343691597238
43 20 1.031107654492842
43 24 0.5182451742195255
43 25 0.507801042944103
43 32 3.08944864144859
43 40 0.5074536554479696
43 43 19.60922297478789
43 44 2.58979675045149
43 53 9.300057792566463
43 55 4.637185156288985
43 63 0.5076439593425042
43 72 8.261826029423268
43 81 0.5109423236586211
43 95 0.5138823738873248
44 1 0.5091208699535994
44 2 2.068717803158447
44 7 1.129409364224377
44 11 0.5092489826581027
44 12 1.030912515397622
44 14 3.63901391405592
44 24 2.600944308811838
44 43 2.58979675045149
44 44 7.278599411892066
44 53 2.59300902387942
44 55 2.068656139434016
44 71 0.5137713956574039
44 72 2.591467947455512
44 95 1.031586951684897
45 1 2.496421341239387
45 13 0.500302227339514
45 15 0.4985678262539801
45 18 0.4990979037789138
45 36 1.497267922410274
45 37 0.5012265101112688
45 38 0.5015900096294366
45 39 0.4997262207794194
45 49 1.000244738433168
45 54 1.499160737923804
45 57 3.500660013863306
45 58 0.5000402661642703
45 62 0.4995209174983566
45 65 0.9994061814352602
45 67 1.000772498833576
45 68 0.4996087591299981
45 78 1.498373840997449
45 79 0.5000555720782346
45 84 0.9994202772265491
45 85 0.999196220668097
45 88 1.499345802919385
45 97 0.5004208547259819
45 100 0.4999500159581454
46 4 2.537981257913865
46 10 0.5051387919658089
46 24 1.028765091182811
46 30 1.524504879603996
46 50 1.014443016659601
46 71 0.5081067682078918
46 90 1.015928632436471
47 1 76.30116906486191
47 3 0.9957714193914998
47 5 1.978711458700864
47 6 0.4994145390271683
47 9 10.96798558418954
47 10 9.004520609217781
47 11 1.496470062340554
47 13 1.499148078750016
47 15 4.979856228201545
47 17 8.437256693628781
47 18 0.4985144637111851
47 19 23.48163488671705
47 27 0.4980516554239961
47 29 1.498719875644095
47 31 6.958753553591468
47 33 8.484275894317994
47 34 3.000973816155729
47 35 18.96652702030134
47 36 15.95218585531403
47 37 0.5006382920789518
47 38 0.5010006154374361
47 39 1.99656532173476
47 41 6.964865687921852
47 47 36.89803724657096
47 48 0.9945996055884666
47 49 39.96292681089084
47 51 7.991703475473803
47 52 0.9993352126954475
47 54 14.47491817413715
47 57 10.98918835693144
47 58 13.48527525643074
47 59 3.493601979306073
47 60 6.963037284168268
47 61 4.986920711017365
47 62 32.4308754251627
47 63 1.497218734473519
47 64 0.4987330889718773
47 65 6.488537694571753
47 66 6.98094296738565
47 67 4.99799818115384
47 73 0.4987265042174066
47 74 1.008654590020986
47 76 5.994210080687887
47 79 22.97561737737946
47 80 3.463732527634433
47 82 19.98262630236308
47 83 1.000717702337942
47 84 4.99125289944306
47 85 60.38065185970002
47 86 2.996146656295712
47 87 4.974207035271762
47 88 36.44137598202257
47 91 9.985908970115567
47 92 12.5030521616793
47 93 16.46157901990829
47 94 7.983984931587562
47 96 3.491166158702924
47 97 3.49884009584206
47 98 2.513546068270458
47 99 1.500446695639074
47 100 24.96822697937809
48 6 1.992352110227331
48 9 0.4972228912117892
48 11 30.84500029226464
48 13 1.495163627245863
48 17 11.87997929685509
48 18 5.469120694319658
48 25 0.4978990475669041
48 26 1.492997703886677
48 27 0.496732617408308
48 31 2.478699178254664
48 34 10.47546893118479
48 39 1.991265117936339
48 40 6.46834380302868
48 41 9.427308398902408
48 42 3.465134579697118
48 47 0.9945996055884666
48 48 1.983937773673908
48 52 1.495019962175274
48 56 5.473012191214058
48 57 1.494544430441829
48 59 0.4977616768428469
48 60 6.944619072807963
48 61 17.90529829772807
48 63 20.40767665577716
48 64 0.9948204285634691
48 68 1.49309975301734
48 70 4.987417750535768
48 73 7.461052337381056
48 75 1.491376025173689
48 77 5.970073689200161
48 78 5.47305028983161
48 79 0.4981431525139219
48 80 2.961100638866981
48 82 4.48414596614814
48 84 0.995600656994334
48 87 6.449361683569127
48 88 0.4978715450008029
48 94 0.4976747435584434
48 96 1.492245644533513
48 98 1.002730283394404
48 99 2.992910610058491
48 100 0.4980384914611776
49 1 188.8545470663003
49 5 1.486734349227518
49 9 2.49729487963659
49 10 36.58552294650649
49 13 7.008882464262602
49 15 24.94488720775631
49 18 0.4994285336473027
49 19 41.04324116384669
49 21 1.001189951829021
49 29 6.50638600806144
49 31 4.979625635572412
49 33 15.99971713757617
49 34 0.5010822145206643
49 35 59.50421199137789
49 36 43.44952129586549
49 37 3.510921176223796
49 38 7.026935009443008
49 39 4.000461530700941
49 41 0.9968015688131634
49 42 0.9944715874511628
49 45 1.000244738433168
49 47 39.96292681089084
49 49 63.05725580620366
49 51 19.01516383988947
49 52 4.505274763518718
49 54 47.50489840772026
49 57 45.03836370439772
49 58 36.52716611483285
49 59 8.000036120489563
49 60 0.9965391309409467
49 62 85.97457219695065
49 65 28.00193241858516
49 66 14.487045665932
49 67 20.52946455561865
49 68 1.49981883728011
49 73 0.9992822166679144
49 74 3.536840036865255
49 75 0.4993606425552028
49 76 17.01479977956032
49 78 1.999155994825811
49 79 41.5321645957241
49 82 3.002901307171076
49 83 3.508958709702403
49 84 20.50170567808966
49 85 125.4823152157717
49 86 5.00274853912432
49 87 1.494992133194947
49 88 127.0288272147461
49 89 0.5004575677000714
49 91 17.50743410240782
49 92 42.58857685649263
49 93 7.496265424735416
49 94 3.999319056251732
49 96 0.9993057180992007
49 97 11.51732476090271
49 100 62.53521485606169
50 4 0.506392279468421
50 10 0.5039465112273809
50 30 1.013922868756815
50 37 0.504339379325574
50 46 1.014443016659601
50 67 0.5034886309874989
50 71 0.5069004325424793
