%%MatrixMarket matrix coordinate real general
%
74 74 2946
1 1 868.8373762407518
1 2 0.5015057566510799
1 3 3.464005306373457
1 4 1.999834653701954
1 5 6.907174861956213
1 6 29.38000617283217
1 8 0.5006952477840573
1 9 28.89951691703797
1 10 564.1526472235233
1 11 51.81418891339112
1 13 71.56286794018149
1 15 154.0169140113736
1 16 10.43248710768834
1 17 38.33633238198018
1 18 13.89822867029365
1 19 133.8121829350549
1 21 1.496420203940102
1 25 1.497267870200978
1 26 3.493735018431084
1 27 2.521853317885223
1 29 43.05550630779944
1 30 1.003259721565447
1 31 31.29744808849449
1 33 127.6755535817052
1 34 22.4541601509026
1 35 372.9159022356717
1 36 189.4134459309442
1 37 49.53431205051429
1 38 109.8729126419628
1 39 52.95825734093327
1 40 11.49128588793922
1 41 27.43552378622518
1 42 20.8464872545956
1 43 1.002216449032285
1 44 0.5016829481256087
1 45 7.487987262138748
1 46 0.9994124084520832
1 47 149.7648053275553
1 48 7.949671383402857
1 49 447.51285556888
1 51 258.6462409012388
1 52 117.4569795571007
1 54 165.6651587582489
1 55 0.5003102686968768
1 56 10.97704720654526
1 57 233.6189629888811
1 58 348.1787144040346
1 59 16.07069697684971
1 60 26.46924758846341
1 61 33.50115770904764
1 62 399.8225711388181
1 63 23.01177701133401
1 64 0.4858736657093313
1 65 142.2106824625622
1 66 83.1646734938825
1 67 295.079999735778
1 68 13.97028782369632
1 69 9.485969928531938
1 70 9.024968512793272
1 71 0.4997762763209283
1 73 15.02364219712478
1 74 14.03521912919465
2 1 0.5015057566510799
2 2 19.18503983892856
2 4 3.019809513913706
2 7 2.217797049062004
2 8 2.520240302433848
2 9 0.5015878032939886
2 11 5.516861908429682
2 14 4.535991164841622
2 17 2.505947313171262
2 24 1.510736814872024
2 25 0.5024205577183107
2 30 1.514985732474114
2 31 1.000170729853216
2 32 8.575392869146615
2 33 0.5020591234871767
2 34 2.009244634300865
2 35 0.503229232765551
2 38 0.5050691628314249
2 40 2.514797602092199
2 41 0.5021554701316223
2 43 10.5937983667427
2 44 5.555539508680075
2 46 0.5030457399447547
2 48 0.500155863647783
2 49 0.5016652291297992
2 51 0.502651386566317
2 53 2.025116048159675
2 54 0.5023213992537283
2 55 3.525605371846584
2 56 0.5022861830754357
2 57 0.502518379023679
2 59 0.5055824690671884
2 60 1.00551092264592
2 61 0.5033609879907042
2 63 5.539632287419194
2 67 0.5043414230201071
2 70 1.009498512131247
2 72 8.568610133986464
2 73 2.016568533584596
3 1 3.464005306373457
3 6 0.4946404725402406
3 9 0.98987557322137
3 10 1.489030749916202
3 11 7.423264952144671
3 13 0.9941617865504004
3 15 0.4935181464825814
3 17 2.472749670980647
3 18 1.972243416624117
3 19 0.9919113744022515
3 31 1.973899458036491
3 34 1.486926225548722
3 35 2.979215468074241
3 40 0.992546648319635
3 41 2.97294295655765
3 47 1.482711593575629
3 48 1.48063053483566
3 49 1.485039518666189
3 52 0.4985738864328128
3 54 2.478260228685276
3 56 1.486853275361554
3 57 2.479219143030174
3 58 1.981944873591766
3 59 0.4988268218973078
3 60 2.480373266672043
3 61 2.979985107292978
3 62 0.4958127023216458
3 63 3.97519788223502
3 64 0.4827069804367785
3 65 0.9912910847319151
3 66 0.4946659789224089
3 67 0.9952373612410206
3 70 0.4980157092303372
3 73 3.48197267266837
4 1 1.999834653701954
4 2 3.019809513913706
4 4 4.013947279273129
4 6 0.4997367306608554
4 10 2.005900712109585
4 12 0.5021161759429381
4 13 0.5022278241617324
4 14 1.004873055816143
4 15 0.4985911856989886
4 24 1.004038094837463
4 29 0.5024350839771489
4 30 2.517132901442946
4 32 1.005739369609708
4 35 2.00668601717115
4 36 0.4989128536600939
4 37 0.5021341084835147
4 38 0.5035000404155074
4 39 0.5013884277850259
4 44 0.5034800486254112
4 46 1.002978290998316
4 47 0.4993251067876635
4 49 1.000234306708535
4 51 1.503291683762434
4 57 0.5009650414962447
4 58 3.003600053187067
4 59 0.5040101605691355
4 62 0.5009332689502768
4 65 0.5007626390294769
4 66 0.4997627653465531
4 67 2.011107248601993
4 71 0.5015597185529396
4 72 1.004946343106668
4 74 0.5030518766901824
5 1 6.907174861956213
5 6 0.9863070203818779
5 9 0.4934490388741401
5 10 5.443310171415843
5 11 5.920750841930302
5 13 0.4955792444718337
5 16 0.4919950974397413
5 17 2.95838109193441
5 18 1.47475007877262
5 19 1.977843275314414
5 26 0.4942703759313735
5 29 0.4957810520235768
5 31 1.967979565594808
5 33 0.9878103618379496
5 34 1.482447281680895
5 35 2.970225290904467
5 36 0.9847023585528178
5 37 0.9909759867872912
5 38 2.484089792495713
5 40 2.968659259642367
5 41 0.4939984231543401
5 43 0.4962349006118726
5 47 1.971010621955984
5 48 1.968252509333759
5 49 4.441715750553624
5 51 2.472391756739477
5 52 2.485316086604251
5 54 0.4941590044707086
5 55 0.4954523775943212
5 56 0.9882498468697541
5 57 3.954797067611572
5 58 3.951953395972465
5 59 0.4973146219420325
5 60 0.494579068801543
5 61 1.485495145779372
5 62 0.988637388945749
5 63 3.46779425410164
5 64 0.4812907975823615
5 65 1.976610160881022
5 66 0.4931788634477691
5 67 2.480568928686538
5 68 0.9882148538368446
5 70 1.489525246931563
5 73 2.975525664630839
5 74 0.9927632121679587
6 1 29.38000617283217
6 3 0.4946404725402406
6 4 0.4997367306608554
6 5 0.9863070203818779
6 6 0.9954920771051816
6 9 0.9960941976211594
6 10 19.97882557840099
6 11 6.4739085920391
6 13 3.001303656364239
6 15 5.462705507055847
6 17 3.483580519072248
6 18 0.9922931098436519
6 19 5.489856264851079
6 26 0.498883826937566
6 27 0.5041447974206018
6 29 1.000845758857072
6 31 4.965657656579351
6 33 3.98809428252617
6 34 2.493801352786118
6 35 18.4876197635186
6 36 5.466215775995556
6 37 0.5001243091474273
6 38 4.513313824942007
6 39 1.997538325210761
6 40 2.496997461489907
6 41 1.495820325455122
6 42 2.48063098928232
6 47 4.476039175801413
6 48 2.483176377313089
6 49 13.9474561890866
6 51 9.98191407465028
6 52 3.51210438386367
6 54 6.484014770496382
6 56 1.994942587637358
6 57 5.987574852490064
6 58 12.96366361825131
6 59 1.003970691208329
6 60 2.995189866763902
6 61 1.499385883332016
6 62 9.978661034612887
6 63 6.000405902457483
6 64 0.4856640589035756
6 65 2.493818907516544
6 66 5.973262394743964
6 67 14.02133249949973
6 68 0.9974356447045462
6 69 0.4990402607308776
6 70 0.5011639370988168
6 73 3.003392422033921
6 74 0.5010347386344218
7 2 2.217797049062004
7 11 0.5504278027202755
7 15 0.5487382651004419
7 29 0.553397880473076
7 30 0.5546009565999453
7 32 0.5539251634155159
7 35 0.5524716853481182
7 38 0.5546901118784409
7 43 0.5539634061487541
7 44 0.5546658484728116
7 51 1.103550593049082
7 53 1.112299415355212
7 54 0.551377683945659
7 58 0.5511724806364653
7 67 0.5538124771481869
8 1 0.5006952477840573
8 2 2.520240302433848
8 12 0.5028591360276354
8 14 0.5031804370199877
8 17 0.5003799749773113
8 25 0.5016070916398249
8 32 0.5036148780878134
8 43 1.007292978594984
8 44 0.5042270533235107
8 53 0.5054530138552613
8 55 0.5028404357310512
8 61 0.5025444762467652
8 72 1.509651567776828
9 1 28.89951691703797
9 2 0.5015878032939886
9 3 0.98987557322137
9 5 0.4934490388741401
9 6 0.9960941976211594
9 9 4.983485234798418
9 10 16.49253507684192
9 11 22.42324474878513
9 13 4.004170672757036
9 15 5.962911338528111
9 16 0.4968656095502872
9 17 11.95092742077508
9 19 6.491946711089345
9 26 2.495931327814406
9 27 1.008907300752003
9 29 1.50218156262799
9 31 2.981192396457867
9 33 5.985765274641012
9 34 7.985000949574312
9 35 10.4993445122062
9 36 5.966745347508422
9 37 2.001713016549127
9 38 4.014279268677789
9 39 0.9993752551246534
9 40 6.995835793247552
9 41 12.97163082420573
9 42 1.98570120480885
9 43 1.002380282253978
9 45 0.4992804444024115
9 47 8.957488545542564
9 48 3.975479945052942
9 49 12.95904876314264
9 51 8.489772789505798
9 52 3.012210582704854
9 53 0.502979056059253
9 54 4.990726679947278
9 56 1.996151623377542
9 57 9.985342152056957
9 58 6.485759076051297
9 59 2.00916623017465
9 60 7.99201810061431
9 61 16.00316286508752
9 62 13.97859540168412
9 63 15.51046746588892
9 64 0.4859506768361578
9 65 4.491594670964536
9 66 2.490364788702519
9 67 10.52239850863167
9 68 0.9980401193519984
9 70 2.507345737161549
9 72 0.5007650166117223
9 73 7.51304827803597
10 1 564.1526472235233
10 3 1.489030749916202
10 4 2.005900712109585
10 5 5.443310171415843
10 6 19.97882557840099
10 9 16.49253507684192
10 10 559.3472717889374
10 11 21.48792921434543
10 13 41.66260316135866
10 15 129.5648413011491
10 16 15.44675423361324
10 17 19.47575465287726
10 18 8.961481272794419
10 19 106.672892208693
10 24 1.003501041646865
10 26 1.00123267008865
10 27 1.01182820651369
10 29 39.67112286746344
10 30 1.509469638683226
10 31 20.42956951496894
10 32 1.507800743047238
10 33 71.03432223452418
10 34 7.006886867616175
10 35 288.3069258281986
10 36 131.6429766619112
10 37 52.69587317570869
10 38 105.1750548607052
10 39 45.10085176929503
10 40 5.011355900606177
10 41 15.01012068545148
10 42 12.94382889262413
10 43 0.5026317316425236
10 45 7.510665814729714
10 46 1.002442370670589
10 47 102.806247449544
10 48 3.488465221450354
10 49 318.9047191566985
10 51 266.9422228018328
10 52 112.7798693272796
10 54 105.6059400931272
10 55 0.5018289203228941
10 56 4.50420411773727
10 57 155.7169663442386
10 58 313.7087896132205
10 59 11.58600850593319
10 60 12.52332519954246
10 61 16.04909279993786
10 62 285.8802302365282
10 63 14.55145597039187
10 64 1.949223256286917
10 65 82.081254535258
10 66 74.92449696410711
10 67 318.0872313676047
10 68 7.506737634886899
10 69 10.51625100566297
10 70 4.023298765891356
10 73 5.525405944674076
10 74 12.56955610870551
11 1 51.81418891339112
11 2 5.516861908429682
11 3 7.423264952144671
11 5 5.920750841930302
11 6 6.4739085920391
11 7 0.5504278027202755
11 9 22.42324474878513
11 10 21.48792921434543
11 11 158.4403657309694
11 13 10.00933329544158
11 14 0.5006739070624021
11 15 9.44025250595752
11 17 67.71456305803487
11 18 18.86289220569701
11 19 15.97843506651674
11 20 0.5008586803284074
11 25 6.488510251883649
11 26 14.97395662441822
11 27 6.557175543283423
11 29 2.002689892978946
11 31 23.35014171093459
11 32 2.004416115334759
11 33 8.478911090701368
11 34 47.40577978021634
11 35 18.49682679133253
11 36 7.954797223825299
11 37 2.501868025725013
11 38 6.020759554819987
11 39 6.994863962813667
11 40 49.465158538306
11 41 59.86254722223769
11 42 12.40928807366988
11 43 1.503405976842757
11 45 0.4992260458008682
11 47 25.37679476954144
11 48 28.32222295049321
11 49 24.42016626371099
11 51 14.98031925228545
11 52 10.03960193264475
11 53 0.5029238485599814
11 54 6.487238090546728
11 55 3.502360984855371
11 56 22.45426020351995
11 57 13.47874322149717
11 58 13.96780637242036
11 59 2.51118250427039
11 60 53.94024193565598
11 61 85.00752461840121
11 62 20.46642761085917
11 63 137.077550488887
11 64 4.37309229576079
11 65 7.984187562406503
11 66 4.980188219275263
11 67 13.52731879321447
11 68 2.494828588982438
11 69 0.4992884769044977
11 70 24.06788500203367
11 72 2.002841176187179
11 73 49.07988369223447
11 74 1.002569886650452
12 4 0.5021161759429381
12 8 0.5028591360276354
12 32 0.5032441268542589
12 43 0.5032756915365257
12 55 0.5024708234603914
12 58 0.5009710772455901
13 1 71.56286794018149
13 3 0.9941617865504004
13 4 0.5022278241617324
13 5 0.4955792444718337
13 6 3.001303656364239
13 9 4.004170672757036
13 10 41.66260316135866
13 11 10.00933329544158
13 13 3.016279048112841
13 15 11.47859917767341
13 16 0.499025480307044
13 17 3.000748109144475
13 18 1.495805689088527
13 19 13.5421835820904
13 25 0.5013505481740813
13 26 2.005465613779644
13 29 4.52628751830322
13 31 3.992202146683772
13 33 12.52476628129065
13 34 5.513657759070292
13 35 28.12072366006545
13 36 12.98418719341235
13 37 7.036669889254811
13 38 11.08773279185049
13 39 6.022465878073106
13 40 3.011323298552063
13 41 6.51412564669407
13 42 2.492906686580349
13 45 1.00292281357864
13 47 15.99375553602855
13 48 0.9981909369233606
13 49 40.04787448092998
13 51 21.56795696984849
13 52 10.58904514179194
13 54 9.523784419936057
13 56 1.002433490406532
13 57 26.57674152070933
13 58 24.05194640405038
13 59 2.017995855057722
13 60 4.013472210639497
13 61 5.02286973293511
13 62 35.09912835745909
13 63 6.532862555673061
13 64 1.464049495118334
13 65 8.019922566849925
13 66 8.504137134306211
13 67 27.67947736656551
13 68 2.004794971447606
13 69 0.5015243982695602
13 70 3.022015891772853
13 73 7.545971793606722
13 74 1.510616466040249
14 2 4.535991164841622
14 4 1.004873055816143
14 8 0.5031804370199877
14 11 0.5006739070624021
14 17 0.500331643959482
14 24 0.5027129276953414
14 29 0.5031301156005709
14 32 1.510697760512485
14 33 0.5011983278227696
14 36 0.9991963360152051
14 43 4.028780201876567
14 44 2.520889881585967
14 53 1.010807395844322
14 55 2.011166513050956
14 61 1.004991452425011
14 63 0.5027368421580023
14 65 1.002906096201895
14 67 0.5034727901933392
14 71 0.5022523287849394
14 72 2.515841543143652
14 73 0.5032741863205135
15 1 154.0169140113736
15 3 0.4935181464825814
15 4 0.4985911856989886
15 6 5.462705507055847
15 7 0.5487382651004419
15 9 5.962911338528111
15 10 129.5648413011491
15 11 9.44025250595752
15 13 11.47859917767341
15 15 33.69252590740734
15 16 3.963479237125215
15 17 7.447774964822566
15 18 4.45515652564715
15 19 31.86786000566641
15 21 0.9948910851025821
15 26 0.9954843687792292
15 27 1.005957955410831
15 29 11.48330637480838
15 31 3.963477565667601
15 33 23.87384846125634
15 34 2.985715156702731
15 35 78.76618854755411
15 36 35.20151492340145
15 37 11.97544772751163
15 38 22.51465988291748
15 39 10.463053616105
15 40 2.989532946874046
15 41 4.974663988094835
15 42 2.969982763354751
15 44 0.5003060346587737
15 45 0.9956716381436801
15 46 0.9966802106151226
15 47 26.29876435284481
15 48 0.4955038891949566
15 49 81.00859840772893
15 50 0.4986931134440877
15 51 60.25232417727017
15 52 27.03102356289856
15 54 40.80559792948758
15 56 1.9903787266944
15 57 54.76048152711171
15 58 66.16245800851443
15 59 2.003317921540254
15 60 4.482497074027069
15 61 6.981092737962716
15 62 77.15763354139089
15 63 9.977738386864344
15 64 0.9691641063376696
15 65 23.88588900879896
15 66 17.38223554967891
15 67 61.95184221153883
15 68 1.492730815730472
15 69 1.991591611704858
15 70 3.000071083044382
15 73 1.997664243200798
15 74 2.999299451765431
16 1 10.43248710768834
16 5 0.4919950974397413
16 9 0.4968656095502872
16 10 15.44675423361324
16 13 0.499025480307044
16 15 3.963479237125215
16 16 0.9907829894440418
16 18 0.4949740549507257
16 19 2.987348780477959
16 24 0.4988193569662672
16 29 0.4992301049184658
16 31 0.4953912858264307
16 33 2.486640464736521
16 35 5.483238512839216
16 36 4.461772604599452
16 37 1.496798867468536
16 38 1.500844511972162
16 39 0.4981967454193332
16 47 1.488478669084599
16 49 4.472474258596604
16 51 6.970729360941142
16 52 3.003181171267769
16 54 0.4975854477542367
16 57 2.488893650086321
16 58 6.466438217415371
16 59 0.5007851200184934
16 62 6.968463044790063
16 65 1.99031557419522
16 66 2.97955008538849
16 67 11.49005217429608
16 74 0.4998390490524423
17 1 38.33633238198018
17 2 2.505947313171262
17 3 2.472749670980647
17 5 2.95838109193441
17 6 3.483580519072248
17 8 0.5003799749773113
17 9 11.95092742077508
17 10 19.47575465287726
17 11 67.71456305803487
17 13 3.000748109144475
17 14 0.500331643959482
17 15 7.447774964822566
17 17 44.78064434534569
17 18 6.448721037803512
17 19 10.47869911954919
17 25 2.992656214986698
17 26 7.481875930184679
17 27 2.016202986648166
17 29 1.500990636304419
17 30 0.5013134102537674
17 31 13.40481207242453
17 32 0.500761177612874
17 33 11.46365596022227
17 34 24.93341089539629
17 35 13.48847132362764
17 36 6.955722606469719
17 37 0.5000317523544688
17 38 4.011090039374832
17 39 6.99009217313765
17 40 15.97783051411382
17 41 34.89603454033092
17 42 4.960351148551703
17 43 0.5007924315807563
17 44 0.5013664306345043
17 45 0.4988857586929327
17 47 16.40912320959232
17 48 15.39286416929591
17 49 16.93307499757874
17 51 6.986049381303623
17 52 6.52126859771922
17 54 7.978852969366801
17 55 0.499995480370951
17 56 9.474228463615859
17 57 11.9729386312914
17 58 8.474677691628525
17 59 5.018920987587864
17 60 30.44547190052231
17 61 48.47117735982525
17 62 14.96522805894586
17 63 59.493014925742
17 64 2.913460659089215
17 65 5.485389003139597
17 66 4.479121602268983
17 67 10.51405072357757
17 68 4.487632068326326
17 70 11.02356189305391
17 72 0.5003679812104367
17 73 20.51938002587433
17 74 0.5009418445840829
18 1 13.89822867029365
18 3 1.972243416624117
18 5 1.47475007877262
18 6 0.9922931098436519
18 10 8.961481272794419
18 11 18.86289220569701
18 13 1.495805689088527
18 15 4.45515652564715
18 16 0.4949740549507257
18 17 6.448721037803512
18 18 3.956458544761708
18 19 1.492409404876858
18 26 1.491831102876942
18 27 0.5025039930114975
18 29 0.4988061736707385
18 31 3.959790771256299
18 33 2.981444306689006
18 34 6.960159813977913
18 35 8.466910792376732
18 36 2.476672317334171
18 38 0.9997115719817019
18 39 1.493323699827167
18 40 7.964630105790104
18 41 4.970017637831581
18 42 1.978148364928809
18 47 4.957408217253825
18 48 4.950429112180111
18 49 6.951301408568592
18 51 3.482412837275015
18 52 1.500312162106399
18 54 2.485821519573095
18 55 0.4984734773857365
18 56 0.9942596141904529
18 57 3.978858072593203
18 58 3.975979706462423
18 59 1.50107563452467
18 60 5.971073944130412
18 61 6.476374250593168
18 62 6.465237252454429
18 63 15.94942810349337
18 64 0.9682823276552815
18 65 3.480104325593346
18 66 0.4961722168682638
18 67 3.993143853229532
18 68 1.491336291405356
18 70 4.495882025826559
18 73 5.488425562087523
19 1 133.8121829350549
19 3 0.9919113744022515
19 5 1.977843275314414
19 6 5.489856264851079
19 9 6.491946711089345
19 10 106.672892208693
19 11 15.97843506651674
19 13 13.5421835820904
19 15 31.86786000566641
19 16 2.987348780477959
19 17 10.47869911954919
19 18 1.492409404876858
19 19 15.01250376055114
19 25 0.5002059515203506
19 26 0.5002217344766705
19 27 1.516533330435867
19 29 7.526535985584538
19 31 3.485238766826047
19 33 14.99543086330246
19 34 7.001365204158714
19 35 70.64205856009198
19 36 30.89188034247378
19 37 9.527908860208846
19 38 17.59909191808413
19 39 9.01305323363442
19 40 2.002960683229863
19 41 6.499261536522607
19 42 2.487246679155755
19 45 1.500948913414071
19 47 26.9280343432567
19 48 3.98368907052703
19 49 66.42781585670626
19 51 55.54825719019333
19 52 24.65103911384472
19 53 0.5040303361927762
19 54 27.00581392077795
19 56 1.500218276167388
19 57 46.52817084159878
19 58 72.49113232024638
19 59 3.020039776529779
19 60 7.007530715237369
19 61 6.013657221344767
19 62 64.03471662837099
19 63 11.03031415853426
19 64 0.9738638204027972
19 65 21.00424386399369
19 66 19.46504852511973
19 67 56.73841736610346
19 68 2.500274192318046
19 69 2.501895042880863
19 70 2.512570593706547
19 71 0.500896017462069
19 73 4.5172112210891
19 74 2.0095368931374
20 11 0.5008586803284074
20 43 1.007568926242612
20 53 0.5055919793846264
21 1 1.496420203940102
21 15 0.9948910851025821
21 33 0.9987083160001735
21 35 1.501535034640322
21 36 0.4977657335041636
21 43 0.5017356901520118
21 49 0.4989644949647979
21 52 0.5025824881787955
21 58 0.9988902524442863
21 65 0.4996070067567833
21 66 0.498611738068942
22 34 0.5011787880057404
22 43 1.006648980914534
22 55 0.5025194664141928
23 58 0.4995427531529006
23 65 0.4997046969898166
24 2 1.510736814872024
24 4 1.004038094837463
24 10 1.003501041646865
24 14 0.5027129276953414
24 16 0.4988193569662672
24 30 1.007408141485547
24 32 0.5031465615043852
24 43 1.509534341845164
24 44 1.007515196085669
24 46 0.5017645036377368
24 47 0.499598092942036
24 49 0.5003910064729536
24 57 0.5012398242268424
24 63 1.004637725315467
24 66 0.5000362303865311
25 1 1.497267870200978
25 2 0.5024205577183107
25 8 0.5016070916398249
25 11 6.488510251883649
25 13 0.5013505481740813
25 17 2.992656214986698
25 19 0.5002059515203506
25 25 0.9999905772285345
25 27 0.5052959559436613
25 31 1.990730137046772
25 32 0.501990166983222
25 34 1.999547771937985
25 35 0.5007961690596099
25 36 0.4980471104458015
25 40 1.501587173341945
25 41 0.4997327534273018
25 44 0.5025983963300956
25 52 1.005738677332577
25 55 0.5012207096033686
25 57 0.5000921677079641
25 59 0.5031266523496915
25 60 0.5003269656826446
25 61 1.502779959457489
25 63 1.503498795875794
25 64 0.4867322774981395
25 67 0.5018976188829559
25 68 0.4998443027947471
25 72 0.5015950389752269
25 73 2.508501277658665
26 1 3.493735018431084
26 5 0.4942703759313735
26 6 0.498883826937566
26 9 2.495931327814406
26 10 1.00123267008865
26 11 14.97395662441822
26 13 2.005465613779644
26 15 0.9954843687792292
26 17 7.481875930184679
26 18 1.491831102876942
26 19 0.5002217344766705
26 26 1.000053657877482
26 27 1.010624123496794
26 31 2.48849079187425
26 33 0.4996530812196618
26 34 2.999416234893715
26 35 2.504059946423309
26 36 0.4980627574585185
26 37 1.002546017886389
26 38 2.513171268622196
26 39 1.001059763329128
26 40 1.00108972226753
26 41 2.998491039214301
26 42 0.99451316871051
26 47 1.993894425322566
26 48 0.4977679855903817
26 49 1.497788855121195
26 51 0.5002396779227084
26 52 0.5028852901480149
26 53 0.5038324519890837
26 54 0.4999128485257313
26 55 0.5012365566628112
26 56 3.999023753903648
26 57 3.000647660907391
26 58 1.499232475184946
26 59 0.5031426201603107
26 60 3.502399293936957
26 61 6.512252261096087
26 62 1.500228838683196
26 63 12.02837061381078
26 64 0.4867472216258605
26 65 1.999624931456703
26 66 0.4989097728296783
26 67 2.007654035102262
26 70 1.506952269179876
26 73 5.518877462226709
27 1 2.521853317885223
27 6 0.5041447974206018
27 9 1.008907300752003
27 10 1.01182820651369
27 11 6.557175543283423
27 15 1.005957955410831
27 17 2.016202986648166
27 18 0.5025039930114975
27 19 1.516533330435867
27 25 0.5052959559436613
27 26 1.010624123496794
27 31 1.508802061365717
27 34 1.010370602305753
27 35 2.024455685014049
27 39 0.505825810572255
27 40 1.011682217416279
27 41 0.50502782624361
27 42 0.5024831109189231
27 49 2.52265981780608
27 51 1.011058870149545
27 52 0.5082314460033138
27 54 1.010391318717714
27 56 1.515480117093364
27 57 1.516184700730882
27 58 1.01004677150187
27 60 1.011269410354214
27 61 2.531235957717649
27 62 1.516087689973156
27 63 2.532459609934534
27 65 0.5051889031379416
27 67 2.028955652981489
27 70 1.015302895497893
27 73 1.521111982874881
28 60 0.5005256761929918
28 62 0.5002590046516291
29 1 43.05550630779944
29 4 0.5024350839771489
29 5 0.4957810520235768
29 6 1.000845758857072
29 7 0.553397880473076
29 9 1.50218156262799
29 10 39.67112286746344
29 11 2.002689892978946
29 13 4.52628751830322
29 14 0.5031301156005709
29 15 11.48330637480838
29 16 0.4992301049184658
29 17 1.500990636304419
29 18 0.4988061736707385
29 19 7.526535985584538
29 29 3.01877200608215
29 33 7.01675647399844
29 34 1.50434418278548
29 35 24.61578601944398
29 36 10.49153154723784
29 37 4.022614887223003
29 38 8.067145111985711
29 39 4.016632982483935
29 40 1.004188390307132
29 41 0.501292906966882
29 42 0.4987855977747708
29 45 1.003336068771393
29 46 1.004360236468096
29 47 9.500192373292565
29 48 0.4993001504859632
29 49 23.5378043510241
29 51 17.56254921168849
29 52 10.08898338621845
29 54 8.023332263115673
29 57 9.531436824833209
29 58 24.56313806359683
29 60 2.007563349864031
29 61 0.5024942819413085
29 62 24.07789006373888
29 64 0.4882121923705085
29 65 3.510161268720722
29 66 4.504040870917454
29 67 23.15968165380659
29 68 1.504215462025899
29 69 1.505193233373841
29 73 1.509818212712889
29 74 1.007494331026015
30 1 1.003259721565447
30 2 1.514985732474114
30 4 2.517132901442946
30 7 0.5546009565999453
30 10 1.509469638683226
30 17 0.5013134102537674
30 24 1.007408141485547
30 30 2.020484326212032
30 32 1.513681298697569
30 43 1.009184325852756
30 46 0.5031706075193496
30 49 0.5017894122108475
30 53 0.5064054901204159
30 57 0.5026429848967509
30 62 1.005221998323591
30 66 0.501432651127547
30 67 1.008933869480559
30 71 0.5032416546542006
31 1 31.29744808849449
31 2 1.000170729853216
31 3 1.973899458036491
31 5 1.967979565594808
31 6 4.965657656579351
31 9 2.981192396457867
31 10 20.42956951496894
31 11 23.35014171093459
31 13 3.992202146683772
31 15 3.963477565667601
31 16 0.4953912858264307
31 17 13.40481207242453
31 18 3.959790771256299
31 19 3.485238766826047
31 25 1.990730137046772
31 26 2.48849079187425
31 27 1.508802061365717
31 31 4.953910769310167
31 32 0.4996589640091008
31 33 3.481295176906968
31 34 11.44422933602771
31 35 9.969520338694243
31 36 9.4192937460179
31 38 3.501969036655325
31 39 1.992786136604885
31 40 5.978536491391971
31 41 12.43556053915783
31 42 3.464675098214786
31 47 7.93854954908307
31 48 5.945523098801067
31 49 17.39294809292599
31 51 9.460271551814802
31 52 5.005299819594768
31 54 5.971022844051207
31 56 3.980405453979776
31 57 6.968899267449493
31 58 12.43545284520356
31 60 9.462211831740497
31 61 12.96373766026783
31 62 11.94593158692002
31 63 24.94213452988316
31 64 1.453620973035217
31 65 5.473365510848263
31 66 0.4965914709890819
31 67 7.993076374506899
31 68 2.487664708941882
31 69 0.4978538493613011
31 70 2.999804512511358
31 72 0.499267495935798
31 73 7.989947810994292
32 2 8.575392869146615
32 4 1.005739369609708
32 7 0.5539251634155159
32 8 0.5036148780878134
32 10 1.507800743047238
32 11 2.004416115334759
32 12 0.5032441268542589
32 14 1.510697760512485
32 17 0.500761177612874
32 24 0.5031465615043852
32 25 0.501990166983222
32 30 1.513681298697569
32 31 0.4996589640091008
32 32 3.024006164557125
32 33 0.5016293514985012
32 40 1.005056412392891
32 41 0.5017255332486914
32 43 5.544359558453039
32 44 2.018456569481428
32 46 0.5026142778979628
32 48 1.499188027652154
32 49 0.5012361309502614
32 50 0.5029733695574545
32 53 2.023367952907022
32 55 2.012901591652853
32 57 0.5020878207498952
32 60 1.004648993725648
32 63 1.006341034484897
32 72 2.518013643723497
32 73 1.007417578715578
33 1 127.6755535817052
33 2 0.5020591234871767
33 5 0.9878103618379496
33 6 3.98809428252617
33 9 5.985765274641012
33 10 71.03432223452418
33 11 8.478911090701368
33 13 12.52476628129065
33 14 0.5011983278227696
33 15 23.87384846125634
33 16 2.486640464736521
33 17 11.46365596022227
33 18 2.981444306689006
33 19 14.99543086330246
33 21 0.9987083160001735
33 26 0.4996530812196618
33 29 7.01675647399844
33 31 3.481295176906968
33 32 0.5016293514985012
33 33 25.96255437374183
33 34 3.996233148457428
33 35 56.0489515420263
33 36 32.34997603472104
33 37 5.509871363420837
33 38 12.55641498618409
33 39 7.002175345619053
33 40 1.000340677783409
33 41 5.493126920739132
33 42 1.987547859608083
33 43 0.501660713934255
33 45 0.4997474363014948
33 47 28.88992621217213
33 48 2.486988028812532
33 49 66.85130617887778
33 51 38.48965212898257
33 52 17.08524679532844
33 54 20.48111011567877
33 56 0.9990088878691799
33 57 38.97925781427475
33 58 55.92953329218364
33 59 2.01105680744872
33 60 3.499779754114086
33 61 6.507375736483454
33 62 65.46102199036291
33 63 10.01613265605356
33 65 19.48177394811849
33 66 8.973678465416043
33 67 49.65215670159785
33 68 0.9989731287666571
33 69 1.49942999366156
33 70 1.505820733667022
33 73 3.509378995754701
33 74 2.509053227869285
34 1 22.4541601509026
34 2 2.009244634300865
34 3 1.486926225548722
34 5 1.482447281680895
34 6 2.493801352786118
34 9 7.985000949574312
34 10 7.006886867616175
34 11 47.40577978021634
34 13 5.513657759070292
34 15 2.985715156702731
34 17 24.93341089539629
34 18 6.960159813977913
34 19 7.001365204158714
34 22 0.5011787880057404
34 25 1.999547771937985
34 26 2.999416234893715
34 27 1.010370602305753
34 29 1.50434418278548
34 31 11.44422933602771
34 33 3.996233148457428
34 34 17.99203119480349
34 35 6.508937189283479
34 36 3.983516859157529
34 37 1.50344479932142
34 38 2.010035331564686
34 39 3.002433052190232
34 40 15.01261442172336
34 41 11.49136399529528
34 42 3.977070660682861
34 43 0.5019123490753385
34 47 7.475253795550982
34 48 5.971739774818772
34 49 9.982784149726049
34 51 3.000692694707821
34 52 1.508279232055083
34 54 2.498943909882615
34 56 10.99458623996535
34 57 6.999772921296048
34 58 6.994682457714949
34 59 1.006033891056253
34 60 20.00873905105573
34 61 23.53844146683909
34 62 9.999042637784648
34 63 44.59410963574097
34 64 1.459888809158589
34 65 0.4997821695982399
34 66 3.491503425191472
34 67 6.021461367964305
34 68 0.9994720451664844
34 69 0.50005977933678
34 70 10.54603536572851
34 72 0.501485999001547
34 73 18.55887328307798
34 74 0.5020624311878562
35 1 372.9159022356717
35 2 0.503229232765551
35 3 2.979215468074241
35 4 2.00668601717115
35 5 2.970225290904467
35 6 18.4876197635186
35 7 0.5524716853481182
35 9 10.4993445122062
35 10 288.3069258281986
35 11 18.49682679133253
35 13 28.12072366006545
35 15 78.76618854755411
35 16 5.483238512839216
35 17 13.48847132362764
35 18 8.466910792376732
35 19 70.64205856009198
35 21 1.501535034640322
35 25 0.5007961690596099
35 26 2.504059946423309
35 27 2.024455685014049
35 29 24.61578601944398
35 31 9.969520338694243
35 33 56.0489515420263
35 34 6.508937189283479
35 35 163.521475886352
35 36 85.80078220408629
35 37 34.14022217768957
35 38 61.92159854698532
35 39 22.55924807421583
35 40 4.511984854215579
35 41 15.51651656363928
35 42 9.96066124335616
35 45 4.007254260918184
35 47 70.39479885563621
35 48 3.489822438226558
35 49 219.0200223255196
35 51 131.2686829342456
35 52 62.45625306497853
35 53 0.5046296187980461
35 54 74.10325230051389
35 56 4.005301294374363
35 57 118.7117260330506
35 58 202.7140143834707
35 59 9.574814472753751
35 60 11.02483601729943
35 61 12.543263061249
35 62 196.3377453713024
35 63 12.04730170639395
35 64 0.4874912004861459
35 65 56.07739359374472
35 66 41.4743883802232
35 67 181.9790688393721
35 68 3.003868195410321
35 69 4.007757078593664
35 70 3.018658794785315
35 73 7.537599174660741
35 74 7.041714338050959
36 1 189.4134459309442
36 4 0.4989128536600939
36 5 0.9847023585528178
36 6 5.466215775995556
36 9 5.966745347508422
36 10 131.6429766619112
36 11 7.954797223825299
36 13 12.98418719341235
36 14 0.9991963360152051
36 15 35.20151492340145
36 16 4.461772604599452
36 17 6.955722606469719
36 18 2.476672317334171
36 19 30.89188034247378
36 21 0.4977657335041636
36 25 0.4980471104458015
36 26 0.4980627574585185
36 29 10.49153154723784
36 31 9.4192937460179
36 33 32.34997603472104
36 34 3.983516859157529
36 35 85.80078220408629
36 36 49.61140550886773
36 37 12.48247886913168
36 38 21.02728680826348
36 39 14.9568559217835
36 40 2.492883629819385
36 41 4.977866166206712
36 42 7.429712594795392
36 43 0.5000576049884132
36 45 0.9963130256052218
36 47 32.77043180331135
36 48 1.487464753975285
36 49 102.4448021507334
36 51 62.78251609483654
36 52 24.54403842688313
36 54 33.86057760082439
36 56 1.991660258839785
36 57 58.28275860962238
36 58 69.19174005476175
36 59 2.505770219285781
36 60 6.478890691137678
36 61 6.985597142888698
36 62 94.64124586599797
36 63 6.988925567792724
36 64 0.9697717869598435
36 65 31.37041572817177
36 66 19.38122354339851
36 67 67.4911733167401
36 68 3.983178390063673
36 69 0.4982186766735608
36 70 1.50100605429451
36 73 5.497126737615641
36 74 3.00123947863528
37 1 49.53431205051429
37 4 0.5021341084835147
37 5 0.9909759867872912
37 6 0.5001243091474273
37 9 2.001713016549127
37 10 52.69587317570869
37 11 2.501868025725013
37 13 7.036669889254811
37 15 11.97544772751163
37 16 1.496798867468536
37 17 0.5000317523544688
37 19 9.527908860208846
37 26 1.002546017886389
37 29 4.022614887223003
37 33 5.509871363420837
37 34 1.50344479932142
37 35 34.14022217768957
37 36 12.48247886913168
37 37 7.035355823887556
37 38 8.566189169598516
37 39 3.010671441021774
37 40 1.003587255613879
37 41 0.5009932979146596
37 42 1.993955909762977
37 45 0.5013679768931141
37 47 6.995968655306219
37 48 0.4990029180250131
37 49 24.52476079661623
37 51 26.07731986141389
37 52 11.09120708739622
37 53 0.5050976971249749
37 54 10.02316919514689
37 56 1.002246812889386
37 57 16.5446994351342
37 58 27.55439104473191
37 59 0.5044043986605615
37 60 1.504771540404696
37 61 2.008772942166422
37 62 28.074071556675
37 63 1.507302183637794
37 64 0.9758560217088798
37 65 7.5172771663053
37 66 7.002105379262535
37 67 28.68063997651025
37 68 1.503316232422598
37 69 1.002861889803046
37 71 0.5019501309940666
37 73 0.5029707579770663
37 74 1.510333849434853
38 1 109.8729126419628
38 2 0.5050691628314249
38 4 0.5035000404155074
38 5 2.484089792495713
38 6 4.513313824942007
38 7 0.5546901118784409
38 9 4.014279268677789
38 10 105.1750548607052
38 11 6.020759554819987
38 13 11.08773279185049
38 15 22.51465988291748
38 16 1.500844511972162
38 17 4.011090039374832
38 18 0.9997115719817019
38 19 17.59909191808413
38 26 2.513171268622196
38 29 8.067145111985711
38 31 3.501969036655325
38 33 12.55641498618409
38 34 2.010035331564686
38 35 61.92159854698532
38 36 21.02728680826348
38 37 8.566189169598516
38 38 19.20022254154521
38 39 4.528283122826093
38 40 1.509473116390711
38 41 2.511765109532227
38 42 0.9996702468239165
38 45 1.50818921462735
38 46 0.5032439929565995
38 47 17.03620372794582
38 48 2.001407379709435
38 49 64.74024899216738
38 51 59.83907012783067
38 52 17.1877714618513
38 54 17.08564877546666
38 56 1.004967675461629
38 57 35.69285137151129
38 58 72.84055110724312
38 59 1.517348180986269
38 60 4.023627884440606
38 61 3.021356937667858
38 62 55.29526435890831
38 63 4.534214649741031
38 64 0.4892176484696966
38 65 12.0602975234549
38 66 11.53462720047635
38 67 60.04034315966349
38 68 1.507397232765033
38 69 2.011172195029583
38 70 1.009897708693922
38 73 3.026047510258848
38 74 2.52408848644851
39 1 52.95825734093327
39 4 0.5013884277850259
39 6 1.997538325210761
39 9 0.9993752551246534
39 10 45.10085176929503
39 11 6.994863962813667
39 13 6.022465878073106
39 15 10.463053616105
39 16 0.4981967454193332
39 17 6.99009217313765
39 18 1.493323699827167
39 19 9.01305323363442
39 26 1.001059763329128
39 27 0.505825810572255
39 29 4.016632982483935
39 31 1.992786136604885
39 33 7.002175345619053
39 34 3.002433052190232
39 35 22.55924807421583
39 36 14.9568559217835
39 37 3.010671441021774
39 38 4.528283122826093
39 39 4.008271580828795
39 40 1.503146871777096
39 41 5.002509991226835
39 42 0.9955081514629966
39 43 0.5025445808288397
39 47 9.979470742086169
39 48 2.491332506455856
39 49 28.98633913451661
39 50 0.5014915025453611
39 51 18.52749689148657
39 52 6.544123478853953
39 54 12.51039179555145
39 56 2.00152288934698
39 57 20.02444638066273
39 58 22.01085225827658
39 60 2.504232226009202
39 61 7.020263310943662
39 62 26.03013045576382
39 63 9.532062310701056
39 64 0.9744477929799686
39 65 5.004090428455432
39 66 4.994105793086503
39 67 20.09681467125112
39 68 1.000725559999105
39 69 0.5006873496226032
39 70 1.508475292779669
39 73 1.506667776516492
40 1 11.49128588793922
40 2 2.514797602092199
40 3 0.992546648319635
40 5 2.968659259642367
40 6 2.496997461489907
40 9 6.995835793247552
40 10 5.011355900606177
40 11 49.465158538306
40 13 3.011323298552063
40 15 2.989532946874046
40 17 15.97783051411382
40 18 7.964630105790104
40 19 2.002960683229863
40 25 1.501587173341945
40 26 1.00108972226753
40 27 1.011682217416279
40 29 1.004188390307132
40 31 5.978536491391971
40 32 1.005056412392891
40 33 1.000340677783409
40 34 15.01261442172336
40 35 4.511984854215579
40 36 2.492883629819385
40 37 1.003587255613879
40 38 1.509473116390711
40 39 1.503146871777096
40 40 13.02766316315856
40 41 15.00797885711777
40 42 4.977688895146128
40 47 6.486849506316537
40 48 8.470782875051931
40 49 6.497132219846062
40 51 1.502274454401268
40 52 2.517046325786655
40 54 2.00172257782388
40 56 4.503561235913648
40 57 4.005009150808624
40 58 3.001569628524984
40 59 1.511001395490075
40 60 15.02584330875157
40 61 19.55703413780189
40 62 7.508916214152042
40 63 32.10896248801734
40 64 1.948952360445991
40 65 1.501272045248307
40 67 5.52679005581794
40 68 2.50188874734248
40 70 5.028402147583553
40 72 1.004264462125031
40 73 14.06265484765281
41 1 27.43552378622518
41 2 0.5021554701316223
41 3 2.97294295655765
41 5 0.4939984231543401
41 6 1.495820325455122
41 9 12.97163082420573
41 10 15.01012068545148
41 11 59.86254722223769
41 13 6.51412564669407
41 15 4.974663988094835
41 17 34.89603454033092
41 18 4.970017637831581
41 19 6.499261536522607
41 25 0.4997327534273018
41 26 2.998491039214301
41 27 0.50502782624361
41 29 0.501292906966882
41 31 12.43556053915783
41 32 0.5017255332486914
41 33 5.493126920739132
41 34 11.49136399529528
41 35 15.51651656363928
41 36 4.977866166206712
41 37 0.5009932979146596
41 38 2.511765109532227
41 39 5.002509991226835
41 40 15.00797885711777
41 41 30.96717061542292
41 42 4.472832028317517
41 45 0.4998428976648556
41 47 11.95672823658417
41 48 10.94482777137037
41 49 18.46246271521196
41 51 4.499650067268646
41 52 5.528641551629187
41 54 3.997077223674796
41 55 1.001913772604588
41 56 10.99119587454327
41 57 13.49539733160594
41 58 9.989323009856593
41 59 1.508582458007925
41 60 20.50262736859406
41 61 33.04376718979044
41 62 11.99514965089759
41 63 27.54963746080951
41 64 3.405384375921213
41 65 5.49590849124648
41 66 2.493163461166595
41 67 4.514697744216559
41 68 3.996655408800758
41 70 10.04073091149404
41 73 16.04594967338288
41 74 0.501906896865454
42 1 20.8464872545956
42 6 2.48063098928232
42 9 1.98570120480885
42 10 12.94382889262413
42 11 12.40928807366988
42 13 2.492906686580349
42 15 2.969982763354751
42 17 4.960351148551703
42 18 1.978148364928809
42 19 2.487246679155755
42 26 0.99451316871051
42 27 0.5024831109189231
42 29 0.4987855977747708
42 31 3.464675098214786
42 33 1.987547859608083
42 34 3.977070660682861
42 35 9.96066124335616
42 36 7.429712594795392
42 37 1.993955909762977
42 38 0.9996702468239165
42 39 0.9955081514629966
42 40 4.977688895146128
42 41 4.472832028317517
42 47 4.957204979404726
42 48 2.970135867695036
42 49 6.951015978710511
42 51 5.472137890202522
42 52 3.000500225559293
42 54 3.480007042736902
42 56 1.988437477060877
42 57 2.984020815230366
42 58 6.957678509010158
42 59 0.5003378406774551
42 60 4.975690197004059
42 61 5.977945322089865
42 62 8.454193305124498
42 63 10.46638076852349
42 64 0.9682435599890831
42 65 1.491411962011736
42 66 1.48845557309116
42 67 8.485080425355138
42 68 0.497091660761227
42 70 0.9990436212630552
42 73 0.9978543815834798
43 1 1.002216449032285
43 2 10.5937983667427
43 5 0.4962349006118726
43 7 0.5539634061487541
43 8 1.007292978594984
43 9 1.002380282253978
43 10 0.5026317316425236
43 11 1.503405976842757
43 12 0.5032756915365257
43 14 4.028780201876567
43 17 0.5007924315807563
43 20 1.007568926242612
43 21 0.5017356901520118
43 22 1.006648980914534
43 24 1.509534341845164
43 30 1.009184325852756
43 32 5.544359558453039
43 33 0.501660713934255
43 34 0.5019123490753385
43 36 0.5000576049884132
43 39 0.5025445808288397
43 43 22.17883143589392
43 44 2.52322939576658
43 49 0.5012674442345633
43 53 3.035243277892397
43 55 2.013027840984007
43 58 0.5017525245531276
43 61 0.5029605103910519
43 66 0.5009114247171159
43 70 0.5043465672713273
43 72 5.539977722720685
43 73 0.5037404123582977
44 1 0.5016829481256087
44 2 5.555539508680075
44 4 0.5034800486254112
44 7 0.5546658484728116
44 8 0.5042270533235107
44 14 2.520889881585967
44 15 0.5003060346587737
44 17 0.5013664306345043
44 24 1.007515196085669
44 25 0.5025983963300956
44 32 2.018456569481428
44 43 2.52322939576658
44 44 3.031372505006617
44 49 0.5018425333314545
44 53 2.025838372545222
44 55 3.526856382459572
44 57 0.5026962869048378
44 61 0.5035394931000919
44 67 0.5045206243068397
44 72 1.512644623278709
45 1 7.487987262138748
45 9 0.4992804444024115
45 10 7.510665814729714
45 11 0.4992260458008682
45 13 1.00292281357864
45 15 0.9956716381436801
45 17 0.4988857586929327
45 19 1.500948913414071
45 29 1.003336068771393
45 33 0.4997474363014948
45 35 4.007254260918184
45 36 0.9963130256052218
45 37 0.5013679768931141
45 38 1.50818921462735
45 41 0.4998428976648556
45 45 1.000431714547174
45 47 1.994270065718052
45 49 4.4942144353874
45 51 1.000668509405591
45 52 1.005961740086827
45 54 2.000029207007498
45 57 3.00121482272584
45 58 3.4988698351701
45 59 0.503238297907879
45 62 4.00136635648208
45 63 1.503831127247687
45 65 1.000001367180362
45 67 1.506026158780537
45 70 0.5024127871957037
46 1 0.9994124084520832
46 2 0.5030457399447547
46 4 1.002978290998316
46 10 1.002442370670589
